P,1,1,769,2573.12
N,1275,1,1,7
52871,1,6
58723,1,4
44647,1,10
40674,1,6
69092,1,7
6127,1,1
37527,1,8
P,3,10,1251,3282.3
P,1,1,1219,476.5
N,759,1,1,12
59108,1,10
76958,1,7
27559,1,1
23764,1,5
73223,1,2
96919,3,9
14669,1,5
87751,1,7
63679,1,7
27745,1,2
46247,1,10
4679,1,3
N,1219,1,1,5
47393,1,6
40551,1,9
95134,1,10
28122,1,4
38572,1,5
N,2305,1,1,15
3903,1,8
3615,1,6
24038,1,9
9663,1,2
33489,1,9
31827,1,5
85671,1,4
81063,1,1
44083,1,9
15455,1,1
89279,1,8
14461,1,8
32475,1,5
71346,1,7
28387,1,3
P,1,1,1154,1064.84
P,1,1,282,4132.94
P,1,1,147,233.68
N,2276,1,1,7
65207,1,8
73431,1,5
72421,1,1
89249,1,2
44487,1,9
14035,7,9
27745,1,6
P,1,1,1682,3034.64
P,1,1,2156,1988.38
P,1,1,1278,4314.02
P,1,1,327,1017.45
P,1,1,2307,4816.3
I,1,1,23
P,1,1,1639,229.74
N,267,1,1,12
98015,1,5
28253,1,9
92899,1,6
12263,1,9
3925,1,6
77287,1,8
56551,1,4
46822,1,5
85607,1,1
99303,1,8
39471,1,2
71077,1,10
P,1,1,2303,81.01
S,1,1,19,28
N,1777,1,1,9
5867,1,3
46499,1,4
79580,1,10
32479,1,2
84877,1,1
5543,1,7
14503,1,9
66247,1,1
42724,1,3
P,4,3,2946,2916.6
P,1,1,1047,5.02
N,315,1,1,9
73430,1,5
72147,1,7
42717,1,9
12881,1,9
24163,1,10
48861,1,6
56775,1,7
15007,1,8
16095,1,9
S,1,1,18,47
P,1,1,2307,3708.24
P,1,1,291,1705.19
P,1,1,2795,3878.79
N,2803,1,1,7
56999,1,4
81127,1,3
60895,1,4
87782,1,8
89829,1,6
6030,1,6
22119,1,3
P,1,1,2291,1743.53
P,1,1,323,2459.79
P,1,1,2291,4697.15
O,1,1,322
D,1,7
N,2235,1,1,13
27653,1,5
97869,1,8
95830,1,8
24293,1,5
32455,1,7
98009,1,3
58119,1,6
81631,1,8
16039,1,10
40542,1,10
45251,1,6
81111,1,1
89797,1,5
N,1667,1,1,15
20199,1,6
32398,1,1
80999,1,9
73423,1,2
63621,1,1
76840,1,2
40294,1,7
50135,1,2
56293,1,8
4735,1,1
97767,1,1
47201,1,1
30423,1,3
23015,1,8
55015,1,5
P,1,1,202,1057.09
N,2269,1,1,11
24231,1,7
72807,1,4
89636,1,3
28359,1,5
72925,1,6
76967,1,7
14001,1,10
93375,1,8
65249,1,1
86751,1,1
37343,8,1
O,1,1,757
O,1,1,1143
P,1,1,2203,4403.52
N,579,1,1,8
73031,1,2
81031,6,8
89758,1,4
89263,1,7
18661,1,9
36323,1,9
68063,1,1
79591,1,7
P,2,7,1787,4515.56
P,1,1,343,3105.59
P,7,8,75,1493.21
N,1205,1,1,12
28375,1,6
2036,1,2
55863,1,4
83493,1,9
90327,1,7
19803,1,1
29027,1,10
13797,1,3
69351,1,8
60095,1,9
55714,1,10
40487,1,2
P,1,1,1283,77.05
P,1,1,731,673.94
O,1,1,1743
P,1,1,331,1565.26
P,1,1,1530,2555.98
P,1,1,1153,953.36
N,330,1,1,15
40639,1,4
89831,1,6
93791,1,6
24274,1,5
16101,1,7
6214,1,5
8175,1,5
13989,1,8
62937,1,2
10045,1,3
22247,1,5
87781,1,6
40551,1,2
56802,1,5
93463,1,7
P,1,1,995,2.3
P,1,1,232,4842.77
P,1,1,1091,2552.91
N,258,1,1,8
31847,1,2
46823,1,4
4167,1,10
65251,1,9
92325,1,6
5831,1,2
10407,1,9
72283,1,3
P,1,1,2268,4166.45
P,1,1,1261,1868.43
P,1,1,2242,4812.28
N,1167,1,1,7
39590,1,9
72933,1,7
21735,1,2
97495,1,7
87654,1,5
89735,1,7
88136,1,1
N,302,1,1,15
13302,1,8
13537,1,7
69316,1,2
50919,1,2
30439,1,9
4918,1,3
48743,1,4
40503,1,9
40656,1,9
58563,1,5
54859,1,2
24157,1,5
5906,1,8
46759,1,10
23775,1,6
P,1,1,1212,4129.7
N,2282,1,1,15
57062,1,5
1077,1,4
89318,1,9
89573,1,4
40647,1,1
46823,1,8
26823,1,9
79838,1,1
71239,1,6
44775,1,10
52391,1,4
89759,1,9
73446,1,1
24279,1,2
54791,1,5
P,7,10,2299,2090.4
S,1,1,19,24
N,763,1,1,11
52835,1,7
72262,1,1
44427,1,7
80615,1,4
89239,1,10
11879,1,1
95941,1,1
11766,1,8
2941,1,3
44773,1,8
5183,1,3
N,1787,1,1,6
14823,1,6
95447,1,1
42725,1,2
15067,1,7
79391,1,6
60135,1,1
N,2019,1,1,11
6101,1,1
89825,1,8
24035,1,4
22206,1,3
15455,1,2
33383,1,2
56999,1,9
48311,1,8
55955,1,3
65255,1,1
6043,1,5
N,611,1,1,12
71911,1,2
79577,1,9
14399,1,1
98018,1,2
6191,1,1
57042,1,8
32212,1,1
4159,1,3
24030,1,3
23774,1,1
71846,1,7
1347,1,1
P,7,2,203,4080.79
P,1,1,579,4262.14
P,1,1,2819,4401.22
N,2270,1,1,6
84678,1,3
74951,1,5
74974,1,2
11873,1,3
19902,1,7
79063,1,10
P,1,1,330,3503.25
P,1,1,313,1522.41
P,1,1,963,4647.03
O,1,1,1699
P,1,1,1602,4033.55
N,1267,1,1,5
69335,1,2
40463,1,10
56791,1,1
34514,1,8
24217,1,3
N,1754,1,1,13
24279,1,6
87241,1,2
65163,1,5
58529,1,6
13955,1,8
77351,1,2
55509,1,1
97983,1,8
27556,1,10
56033,1,10
72399,1,9
96647,1,5
24295,1,8
N,136,1,1,11
71349,1,7
88863,1,4
47815,1,8
24292,1,9
60639,1,2
40583,1,9
79979,1,8
61157,1,4
37903,1,4
95175,1,9
28295,1,8
N,2283,1,1,12
81639,1,7
97767,1,6
65245,1,1
14816,1,8
99487,1,3
6199,1,7
5671,1,8
89782,1,9
95718,1,2
73239,1,10
36166,1,9
27355,1,9
N,634,1,1,8
95958,1,10
78499,1,4
20187,1,9
98006,1,9
52129,1,8
79475,1,9
24022,1,10
14151,1,1
N,321,1,1,10
94694,1,3
56010,1,7
32385,1,9
24293,1,4
40419,1,3
23751,1,1
72679,1,6
65157,1,4
67802,1,7
84291,1,9
N,195,1,1,7
71329,1,6
12343,1,9
81505,1,2
39359,1,5
23695,1,1
23526,1,2
55015,1,8
O,1,1,2978
P,1,1,1498,1099.53
N,331,1,1,11
85975,1,10
23267,1,1
55719,1,5
34455,1,6
94371,1,10
64736,1,7
23709,1,6
64613,1,4
15079,1,3
60481,1,9
18131,1,2
P,1,1,2878,1170.22
P,3,6,1235,3135.47
N,1214,1,1,13
41622,1,5
80605,1,6
72743,1,8
38372,1,6
16070,1,4
61414,1,6
67255,1,1
29319,1,2
96749,1,9
34269,1,5
6183,1,4
40423,1,9
53606,1,2
N,274,1,1,9
28383,1,7
23261,1,4
48737,1,1
5111,1,3
28258,1,5
64999,1,7
24199,1,8
83415,1,3
59023,1,7
P,1,1,299,361.93
N,2415,1,1,9
36581,1,10
48859,1,3
62182,1,3
56030,1,3
32357,1,2
99510,1,7
87511,1,6
46807,1,1
75942,1,5
N,67,1,1,14
9941,1,8
5925,1,4
47827,1,10
36191,1,2
97762,1,5
14053,1,10
11207,1,8
43703,1,2
60875,1,8
54183,1,3
14343,1,2
48742,1,8
48823,1,7
94791,1,7
N,2813,1,1,9
37856,1,3
42727,1,2
55701,1,9
65251,1,8
76823,1,9
36559,1,2
13494,1,8
57061,1,3
48061,1,9
N,1967,1,1,8
14907,1,7
65111,1,10
56959,1,6
78237,1,3
65255,1,2
40541,1,1
40150,1,10
42149,1,5
P,1,1,350,2687.03
P,8,2,1283,1276.7
N,2171,1,1,10
31079,1,6
32487,1,6
47839,1,6
21998,1,1
48325,1,7
9634,1,4
89186,1,5
37862,1,8
92511,1,10
49111,1,4
N,2273,1,1,10
22951,1,8
24161,1,2
11591,1,3
5571,1,10
8914,1,6
32319,1,5
21950,1,8
73154,1,3
62948,1,6
13005,1,7
P,2,3,1281,3290.59
N,1265,1,1,5
61159,1,8
87111,1,1
80582,1,7
48775,1,3
96991,1,9
N,705,1,1,14
32209,1,7
5063,1,8
4614,1,6
69294,1,7
79487,1,10
77495,1,3
32466,1,5
89810,1,3
31941,1,6
97958,1,8
72551,1,6
24037,1,10
87267,1,10
62543,1,7
P,1,1,1704,2690.27
P,1,1,675,4787.01
P,1,1,1795,3501.99
N,228,1,1,9
13797,1,6
65223,1,2
30309,1,5
73123,1,6
47719,1,1
38115,1,6
54759,1,1
12475,1,7
64359,1,9
P,1,1,1537,2096.96
N,1779,1,1,15
56479,1,4
27237,1,5
63175,1,4
15783,1,8
39206,1,5
96711,1,5
65219,1,5
89189,1,3
28071,1,3
20701,1,1
48710,1,5
30943,1,7
81255,1,9
79431,1,7
73318,1,3
N,250,1,1,9
95967,1,8
79045,1,7
65239,1,9
45793,1,1
36325,1,8
59111,1,1
89823,1,3
40675,1,8
48805,1,10
N,995,1,1,14
23519,1,9
63663,1,8
7191,1,1
97927,1,9
63207,1,2
30363,1,9
57013,1,2
67271,1,4
11655,1,4
56455,1,3
42662,1,8
31201,1,7
11934,1,9
69215,1,7
N,2295,1,1,9
18571,1,9
12059,1,8
3591,1,4
18119,1,4
11994,1,9
89243,1,5
80614,1,7
37848,3,4
95975,1,8
N,327,1,1,5
91847,1,8
67139,1,2
97765,1,1
9949,1,1
97231,1,1
P,1,1,2114,3608.15
P,1,1,1267,3060.3
N,1283,1,1,8
23636,1,1
30951,1,3
24287,1,3
40103,1,7
48829,1,1
98022,1,9
13269,1,3
40519,1,8
P,1,1,2043,1890.7
P,1,1,2282,1071.51
N,62,1,1,5
40404,1,2
30437,1,5
81367,1,7
24294,1,9
1279,1,2
O,1,1,2050
N,267,1,1,8
34121,1,7
3101,1,3
37983,1,5
62135,1,3
22853,1,8
37313,1,10
47837,1,10
63143,1,2
P,1,1,1273,3634.99
N,55,1,1,6
44260,1,10
23455,1,1
39381,1,9
13500,1,6
71363,1,8
15587,1,7
O,1,1,2818
N,2746,1,1,8
80607,1,2
63870,1,5
73308,1,9
31845,1,9
83132,1,1
6215,1,8
96847,1,8
73447,1,5
N,1280,1,1,9
29782,1,7
23233,1,2
64210,1,8
72455,1,1
88293,1,6
32487,1,5
93671,1,1
59069,1,9
40149,1,3
P,1,1,1283,3082.84
N,897,1,1,15
80611,1,8
69271,1,3
56548,1,4
88551,1,2
40679,1,7
50847,1,9
36511,1,5
96614,1,4
14950,1,3
69339,1,4
11862,1,7
44765,1,10
96934,1,9
24259,1,3
44239,1,1
O,1,1,2811
P,3,6,1076,120.29
N,328,1,1,5
81239,1,1
15527,1,10
6102,1,4
29923,1,10
48615,1,1
N,2161,1,1,12
61055,1,6
4063,1,7
65219,1,3
31051,1,10
6186,1,6
93792,1,1
64967,1,10
18143,1,7
13975,1,2
50599,1,8
57053,1,8
77535,1,7
P,1,1,1411,1289.26
P,1,1,2051,1003.02
N,881,1,1,15
48863,1,2
91791,1,5
6087,1,10
5415,1,1
8549,1,6
77663,1,7
32071,1,6
48599,1,10
97255,1,3
4294,1,2
14004,1,7
12980,1,6
64966,1,10
85446,1,3
40533,1,10
S,1,1,13,36
N,1283,1,1,8
11971,1,3
63194,3,2
89501,1,5
47844,1,2
24227,1,2
88726,1,5
97847,1,3
24293,1,8
I,1,1,27
N,2305,1,1,8
73191,1,2
31463,1,2
64230,1,5
15587,1,2
93790,1,8
56032,1,4
21695,1,2
68925,1,1
N,1085,1,1,11
75431,1,8
12001,1,7
89795,1,3
48557,1,10
4167,1,1
72727,1,5
4167,1,2
87163,1,7
24151,1,4
20195,1,3
78867,1,5
N,185,1,1,15
97991,1,10
16103,1,10
30343,1,5
12863,1,9
51909,1,8
15503,1,2
48567,1,5
80615,1,10
72935,1,8
11879,1,10
87103,1,10
89253,1,3
57007,1,1
2119,1,3
29767,1,5
P,7,8,2307,830.75
N,1249,1,1,8
36551,1,2
55911,1,9
85445,1,2
62178,1,4
15967,1,7
30438,1,6
43623,1,9
31311,1,4
I,1,1,20
N,2143,1,1,7
9183,1,7
81567,1,5
46541,1,1
32423,1,8
48854,1,8
78434,1,8
30827,1,3
N,1936,1,1,6
37581,1,6
56535,1,6
48095,1,8
29278,1,6
79462,1,1
85208,1,8
N,2211,1,1,9
23076,1,10
61090,1,8
22875,1,3
9211,1,7
73374,1,3
5446,1,9
65237,1,6
24211,1,5
77223,1,2
P,4,5,1011,1887.46
N,2194,1,1,6
89563,1,3
95702,1,10
67079,1,5
11047,1,6
46652,1,5
36199,1,1
N,2144,1,1,10
36583,1,2
32069,1,8
7172,1,3
40550,1,3
56999,1,3
48836,1,6
44762,1,3
32095,1,5
85219,1,9
24194,1,2
P,1,1,326,619.73
P,1,1,1145,4723.65
N,1282,1,1,7
76417,1,9
62948,1,7
36573,1,7
20178,1,6
81255,1,10
96919,1,8
5821,1,3
N,1719,1,1,7
84197,1,10
24265,1,2
64071,1,5
56935,1,2
63191,1,8
50915,1,10
96855,1,6
N,1107,1,1,9
40639,1,7
14935,1,6
97895,1,8
40014,1,9
5059,1,7
96999,1,7
60119,1,7
48559,1,5
81635,1,8
P,1,1,2418,2334.71
N,1272,1,1,12
79455,1,9
40578,1,4
40295,1,4
48869,1,1
11459,1,9
7171,1,7
90767,1,5
22435,1,7
46815,1,3
48135,1,8
73349,1,6
11931,1,8
N,331,1,1,6
46773,1,4
44198,1,6
40679,1,3
23860,1,7
38631,1,3
21220,1,8
N,1154,1,1,7
6172,1,10
56767,1,9
89727,1,8
39894,4,7
56923,1,3
64737,1,1
88770,1,1
N,2280,1,1,12
64711,1,10
43494,1,9
11239,1,5
23974,1,3
71399,1,3
65231,1,6
59974,1,7
87707,1,3
22943,1,2
6181,1,7
79847,1,8
4647,1,2
P,1,1,331,3164.05
I,1,1,38
P,4,7,2011,391.04
N,1155,1,1,15
11989,1,2
24146,1,6
28391,1,9
57015,1,4
50279,1,3
91846,1,7
20197,1,1
68952,1,9
40679,1,1
30979,1,5
81461,1,9
83547,1,3
65059,1,1
71013,1,5
11997,1,4
D,1,9
N,329,1,1,15
80257,1,9
23763,1,5
95966,1,7
29925,1,5
9831,1,7
76335,1,4
19991,1,2
48855,1,8
16061,1,8
97941,1,2
93605,1,5
71875,1,1
40471,1,5
72085,1,4
65253,1,9
S,1,1,11,46
N,267,1,1,10
56477,1,3
38503,1,5
35495,1,10
89414,1,7
46567,1,9
60103,1,3
65183,1,2
16039,1,9
56933,1,2
73363,1,9
N,319,1,1,14
65031,1,1
56991,1,4
31839,1,4
38111,1,1
79583,1,5
73429,1,6
40481,1,4
78567,1,2
16061,1,6
32487,1,2
52921,1,3
85207,1,2
76647,1,10
73350,1,4
N,2787,1,1,8
89494,1,2
31351,1,5
94793,1,6
39957,1,2
11447,1,8
34268,1,1
24159,1,4
89797,1,4
O,1,1,2081
P,1,1,1789,3204.32
P,7,7,1114,3357.14
P,1,1,2283,4926.9
P,8,1,2275,3435.32
N,2879,1,1,11
48871,1,3
9427,1,8
97879,1,4
40409,1,9
96981,1,10
30391,1,1
22437,1,3
38631,1,6
56549,1,8
97767,1,6
56419,1,2
P,1,1,1699,2166.74
P,1,1,325,4781.81
N,1727,1,1,12
13503,1,4
23591,1,1
3646,1,6
96710,1,10
56999,1,10
66271,1,8
50917,1,8
69054,1,7
57051,1,2
97351,1,8
96959,1,3
4229,1,10
N,1917,1,1,13
14887,1,4
81204,1,2
6210,1,8
44117,1,5
5702,1,6
32231,1,7
89828,1,6
21119,1,5
12503,1,2
88794,1,7
5191,1,6
56899,1,7
67295,1,1
P,1,1,258,1017.23
P,1,1,1787,4614.93
P,1,1,974,3675.59
P,1,1,2295,3214.67
P,1,1,1154,308.6
P,1,1,2302,1113.39
P,1,1,2803,3792.4
N,2307,1,1,6
20199,1,5
88607,1,5
80546,1,2
16095,1,6
71383,1,10
21901,1,10
N,313,1,1,8
15783,1,6
19413,1,10
24255,1,10
40533,1,4
30436,1,8
46803,1,4
96735,1,9
89703,1,1
N,2195,1,1,12
60007,1,4
24031,1,7
60839,1,9
40103,1,5
88728,1,4
40645,1,6
94847,1,7
56647,1,9
97764,1,9
56011,1,2
62799,1,2
52951,1,7
N,2269,1,1,15
46097,1,8
38629,1,4
65254,1,2
57059,1,1
1975,1,3
26076,1,8
78561,1,9
95715,1,1
38367,1,4
81630,1,2
4839,1,8
87779,1,3
89717,1,4
85729,1,1
56999,1,6
N,190,1,1,10
22224,1,3
16079,1,10
4775,1,10
4452,1,4
27075,1,5
73223,1,6
84423,1,3
16051,1,4
16099,1,5
81223,1,7
N,1011,1,1,9
70342,1,3
2443,1,6
72412,1,8
56903,1,6
80019,1,2
87715,1,7
57023,1,1
32387,1,4
2115,1,5
P,1,1,259,3642.81
I,1,1,31
P,1,1,515,4373.3
P,1,1,2290,2568.64
P,7,7,267,1685.08
D,1,1
N,2819,1,1,5
70191,1,6
22175,1,8
56943,1,2
11613,1,4
5571,1,10
P,6,8,19,642.09
N,1279,1,1,13
46219,1,3
81054,1,1
64635,1,9
73412,1,10
71904,1,4
60705,1,6
54819,1,8
24199,1,1
78543,1,6
31070,1,10
27863,1,9
14367,1,4
5190,1,1
N,2273,1,1,9
69323,1,9
13863,1,7
60799,1,3
41333,1,10
45255,1,7
80975,1,2
28319,1,8
58079,1,4
87647,1,9
P,1,1,323,657.56
P,1,1,2275,3739.26
N,170,1,1,14
6203,1,5
52547,1,4
22165,1,2
81363,1,8
2119,1,2
56859,1,4
23271,1,6
23239,1,1
73154,1,6
19174,1,1
52067,1,8
28379,1,3
11997,1,3
3143,1,10
N,75,1,1,7
64231,1,10
85699,1,9
81517,1,9
40483,1,8
30902,1,2
96999,1,2
37590,1,5
N,2269,1,1,10
55971,1,7
85726,1,4
6115,1,5
96983,1,5
39343,1,10
81559,8,4
71903,1,3
87506,1,3
24279,1,3
40662,1,7
N,1283,1,1,14
26343,1,2
31807,1,4
87143,1,3
27845,1,4
19431,1,9
93927,1,10
30918,1,5
72798,1,9
56498,1,7
73115,1,3
6174,1,7
31463,1,10
40293,1,3
10967,1,10
N,1275,1,1,10
93927,1,3
80423,1,1
64861,1,10
5763,1,7
89742,1,3
73045,1,6
68475,1,10
96995,1,7
96995,1,6
29791,1,5
N,386,1,1,6
4671,1,2
55943,1,2
39878,1,1
40005,1,6
43655,1,4
24287,1,8
P,1,1,1079,4103.33
P,1,1,1473,1240.83
N,1603,1,1,11
31923,1,3
81383,1,3
52383,1,2
6149,1,5
89629,1,8
44511,1,10
28901,1,5
81602,1,8
24214,1,9
92230,1,7
5819,1,3
P,1,1,2939,3003.81
P,1,1,1139,1456.32
N,2755,1,1,9
65254,1,8
31383,1,4
60133,1,5
15547,1,6
2055,1,7
72229,1,2
20183,1,2
32359,1,8
98004,1,4
