N,2147,1,9,9
18655,1,8
30439,1,9
39987,1,4
31975,1,1
72381,1,6
31460,1,4
1605,1,7
97770,1,1
93275,1,10
N,2285,1,9,14
14023,1,8
20173,1,2
40615,1,8
30846,1,9
5410,1,8
65557,1,5
56164,1,8
13671,1,4
22039,1,9
20179,1,6
5187,1,1
97962,1,4
81339,1,2
32437,1,2
P,1,9,2050,2324.02
O,1,9,496
N,1283,1,9,6
63077,1,8
40598,1,7
85719,1,5
23910,1,9
43651,1,2
57061,1,10
P,1,9,265,3787.54
N,2115,1,9,11
52693,1,6
83559,1,5
53735,1,10
20191,1,1
28335,1,3
40614,1,2
68662,1,1
15075,1,3
95455,1,2
38375,1,9
96931,1,10
P,1,9,2107,2698.03
P,1,9,755,4516.53
O,1,9,330
P,6,9,330,3480.58
P,1,9,707,3441.72
N,1154,1,9,13
71893,1,9
69195,1,3
81551,1,8
48772,1,4
79395,1,2
64942,1,10
71333,1,2
85222,1,4
22981,1,8
6048,1,6
53727,1,4
95804,1,10
40615,1,7
O,1,9,1214
D,1,4
N,1467,1,9,8
17626,1,9
39655,1,8
52421,1,7
72911,1,7
31451,1,10
69039,1,1
64534,1,10
16031,1,1
N,1772,1,9,15
27139,1,6
96895,1,8
82531,1,7
88782,1,2
77543,1,2
40547,1,4
1087,1,9
86101,1,8
23767,1,3
13766,1,9
95715,1,7
99655,1,7
73175,1,5
72419,1,8
81735,1,1
P,4,9,2035,4373.45
P,1,9,2812,2525.81
P,1,9,1923,4092.64
N,2701,1,9,11
3808,1,9
15846,1,7
46815,1,1
89094,1,8
15869,1,6
40167,1,9
20775,1,9
65211,1,3
81126,1,10
6211,1,4
29397,1,9
P,1,9,2233,3260.34
O,1,9,2303
O,1,9,1216
S,1,9,16,49
N,2737,1,9,7
40352,1,4
48850,1,1
81239,1,2
32294,1,4
48407,1,1
22103,1,7
73415,1,7
N,1139,1,9,7
40391,1,3
48743,1,6
88806,1,1
11746,1,2
3510,1,5
72929,1,2
22119,1,9
N,131,1,9,10
85337,1,3
56495,1,2
40663,1,3
48739,1,3
15675,1,5
43235,1,6
30691,1,2
24037,1,5
48199,1,2
27815,1,1
P,1,9,2111,3178.69
P,1,9,2231,2462.31
P,1,9,2303,4607.29
P,1,9,477,2249.28
P,1,9,2243,2536.83
N,2658,1,9,6
64210,1,4
65253,1,4
65123,1,10
32487,1,9
14751,1,5
24247,1,9
N,331,1,9,5
73423,1,8
79567,1,3
32229,1,2
42723,1,4
26342,1,8
P,1,9,1795,3310.09
N,771,1,9,10
16086,1,10
71643,1,3
24279,1,8
18148,1,5
97980,1,7
9277,1,5
62694,1,3
13526,1,5
31838,1,3
95171,1,6
P,1,9,603,3881.91
P,1,9,327,2783.2
P,2,10,331,891.24
P,1,9,1395,4692.83
N,1595,1,9,7
5923,1,6
16071,1,3
89585,1,2
81123,1,4
73423,1,3
64999,1,9
70887,1,1
O,1,9,1595
P,1,9,1247,55.7
I,1,9,28
N,2818,1,9,15
4791,1,3
30050,1,9
54631,1,3
62432,1,2
80359,1,8
64575,1,8
85431,1,7
91839,1,6
36259,1,10
81632,1,8
65223,1,10
56767,1,4
24263,1,6
80746,1,7
5639,1,8
O,1,9,50
N,2179,1,9,7
89827,1,7
72676,1,4
54965,1,2
77283,1,2
5763,1,7
55891,1,8
76356,1,5
I,1,9,42
P,1,9,1791,2835.26
N,1281,1,9,5
3910,1,9
24165,1,6
48101,1,5
41119,1,9
10271,1,6
N,2307,1,9,9
57031,1,8
6023,1,6
53149,1,10
64615,1,8
43427,1,5
21511,1,10
16090,1,2
32447,1,5
89575,1,3
S,1,9,18,22
P,3,3,983,4253.95
N,1263,1,9,15
56927,1,10
23187,1,1
74983,1,7
20183,1,6
81613,1,7
87175,1,9
6215,1,9
31329,1,8
86499,1,8
13975,3,8
48594,1,9
97375,1,3
96327,1,3
62151,1,7
29511,1,6
N,2048,1,9,15
89766,1,7
97759,1,5
32225,1,1
6061,1,7
14439,1,6
73447,1,1
5189,1,6
86759,1,6
32351,1,6
16079,1,2
80253,1,7
38621,1,8
39591,1,10
35038,1,10
5939,1,8
N,2690,1,9,13
77207,1,9
30119,1,1
32423,1,2
81059,1,10
85335,1,8
6085,1,5
22222,1,1
2887,1,7
71397,1,5
34519,1,9
38502,1,10
19173,1,9
32478,1,10
P,1,9,66,4285.21
P,1,9,1273,3358.62
O,1,9,327
P,6,1,2243,1318.57
P,1,9,2273,2786.74
N,759,1,9,14
78823,1,3
31457,1,1
28853,1,6
62137,1,6
85458,1,7
3599,1,9
88226,1,3
57063,1,1
81594,1,4
65195,1,9
81049,1,1
63461,1,10
11846,1,1
55991,1,4
N,47,1,9,8
80615,1,6
97509,1,3
40533,1,8
81467,1,2
96965,1,9
73343,1,10
65252,1,9
57014,1,9
P,1,9,1795,5.59
N,2819,1,9,13
52310,1,2
88899,1,9
54567,1,8
89686,1,5
91367,1,8
69059,1,6
98019,1,10
5959,1,8
4098,1,8
45799,1,7
97975,1,3
39686,1,6
15571,1,4
O,1,9,513
N,203,1,9,11
80351,1,3
5702,1,8
73411,1,8
16003,1,5
89567,1,4
32473,1,5
32154,1,10
79975,1,1
39623,1,1
85735,1,1
28389,1,9
N,2227,1,9,7
97255,1,7
15911,1,5
32453,1,6
65221,1,3
16101,1,7
89827,1,3
80447,1,2
I,1,9,44
S,1,9,19,45
P,1,9,1251,2005.92
N,27,1,9,6
96997,1,2
97463,1,3
43751,1,1
47823,1,4
56766,1,7
13511,1,1
P,7,9,279,4185.68
P,1,9,898,4560.43
P,1,9,2243,580.56
P,1,9,7,4626.06
O,1,9,767
N,499,1,9,6
48870,1,7
78539,1,1
4670,1,7
19559,1,10
11622,1,2
89635,1,4
P,1,9,2131,2720.03
N,1107,1,9,14
47575,1,8
65221,1,4
96416,1,10
61989,1,4
89446,1,2
6215,1,4
88734,1,4
30435,1,10
14023,1,10
65215,1,9
51367,1,9
11799,3,6
57063,1,2
64290,1,5
N,739,1,9,9
54879,1,6
52676,1,7
36322,1,5
40645,1,10
24227,1,7
32485,1,9
59082,1,10
24263,1,7
71315,1,5
P,2,1,67,4620.02
P,1,9,2255,4083.34
P,1,9,2367,1936.06
N,1726,1,9,6
30359,1,2
32487,1,10
85218,1,4
64214,1,5
11751,1,8
79591,1,9
N,2674,1,9,6
48189,1,10
63395,1,2
64741,1,5
97222,1,9
65086,1,4
9959,1,8
P,1,9,2,3955.81
P,1,9,1859,1584.35
P,2,8,325,3381.98
P,1,9,2669,2354.86
P,1,9,2019,1602.27
I,1,9,23
N,2559,1,9,5
48775,1,4
94759,1,8
11837,1,9
22206,1,1
6195,1,3
P,1,9,2770,4871.03
O,1,9,513
N,2307,1,9,7
47846,1,10
44731,1,5
86487,4,7
24059,1,4
2935,1,7
15879,1,2
16087,1,3
P,1,9,1151,3413.96
P,1,9,1019,3960.48
P,1,9,1474,2053.96
P,1,9,764,3990.17
N,67,1,9,11
36519,1,1
5751,1,9
65251,1,9
31323,1,5
81230,1,9
20195,1,5
80615,1,1
89509,1,8
56422,1,8
43603,1,9
96743,1,3
N,1015,1,9,6
64726,1,1
64087,1,6
6214,1,4
48343,1,3
77397,1,3
11367,1,2
P,1,9,1923,3589.48
N,323,1,9,8
75749,1,10
32407,1,5
5054,1,9
54503,1,1
65247,1,7
48803,1,4
56937,1,9
50397,1,2
N,1183,1,9,14
85719,1,6
22951,1,6
5943,1,8
72918,1,5
80091,1,6
13255,1,10
22103,1,3
81095,1,5
81606,1,8
22886,1,7
52967,1,1
97511,1,1
68663,1,1
73439,1,8
I,1,9,44
N,1267,1,9,9
44247,1,9
76710,1,3
69335,1,5
79453,1,2
73411,1,9
11875,1,1
39751,1,1
5618,1,7
93822,1,8
P,1,9,2267,3978.24
N,1283,1,9,15
96717,1,7
9623,1,10
40103,1,10
81638,1,9
95778,1,2
31191,1,4
89703,1,9
31975,1,3
89703,1,10
78790,1,2
63079,1,1
65103,1,1
36455,1,6
64086,1,3
77407,1,5
N,515,1,9,6
33507,1,6
91735,1,2
97957,1,5
12004,1,3
96711,1,9
13286,1,3
P,1,9,1251,328.71
D,1,6
D,1,1
S,1,9,12,31
P,8,1,2303,960.36
I,1,9,42
N,1251,1,9,14
32454,1,10
16091,1,8
87140,1,2
88455,1,8
84474,1,4
71111,1,1
28371,1,9
98019,1,3
32479,1,6
77539,1,2
98003,1,5
16099,1,3
85204,1,3
55743,1,8
N,2275,1,9,11
95287,1,4
23253,1,4
33311,1,10
81445,1,1
40670,1,2
24039,1,9
21847,1,4
56343,1,6
32387,1,8
6211,1,4
81110,1,4
P,4,5,419,1889.23
P,1,9,331,461.28
N,1339,1,9,12
75739,1,2
40676,1,10
24293,1,4
88486,1,5
46311,1,10
64719,1,5
72415,1,7
32462,1,5
79395,1,10
99037,1,5
46231,1,10
67719,1,6
P,1,9,2232,4084.18
I,1,9,24
I,1,9,43
P,1,9,1891,3360.01
P,1,9,643,4802.71
N,331,1,9,11
54471,1,3
81629,1,3
15583,1,8
49863,1,6
55766,1,3
48861,1,2
15965,2,8
11235,1,10
88499,1,9
85735,1,9
12866,1,8
N,1793,1,9,15
13255,1,5
52959,1,8
46755,1,4
97830,1,4
23586,1,5
16088,1,10
24287,1,5
98015,1,9
98021,1,9
83076,1,8
16743,1,2
56866,1,5
89188,1,4
97615,1,1
67335,1,10
N,2177,1,9,8
16103,1,4
71011,1,7
69463,1,1
6192,1,2
9730,1,10
46819,1,5
54967,1,7
64726,1,6
N,137,1,9,11
87333,1,6
6142,1,5
16071,1,9
23188,1,9
15719,1,2
47588,3,3
89699,1,8
56547,1,2
63686,1,3
54695,1,7
75398,1,10
P,1,9,1730,4770.51
N,1795,1,9,7
71363,1,4
88551,1,9
44438,1,10
3391,1,7
71322,1,5
69351,1,2
24162,1,9
N,1215,1,9,13
89599,1,4
81471,1,6
83299,1,8
2630,1,4
25318,1,3
71281,1,4
6157,1,9
45863,1,8
16085,1,9
39638,1,9
40037,1,2
54983,1,10
3771,1,8
N,1857,1,9,12
96999,1,9
52454,1,5
22167,1,2
24287,1,1
14391,1,9
72291,1,6
89415,1,2
73429,1,7
77281,1,10
36487,1,4
5701,1,6
97891,1,1
N,479,1,9,5
51527,1,6
44708,1,1
32359,1,4
65249,1,4
46812,1,5
N,1945,1,9,13
78503,1,7
97475,1,5
36424,4,3
83491,1,4
64443,7,2
32487,1,3
9825,1,8
17743,1,5
6215,1,5
28163,1,6
81583,1,10
81093,1,10
40167,1,2
N,511,1,9,12
61150,1,3
52935,1,2
73170,1,8
60487,1,6
16087,1,2
20958,1,10
97957,1,10
39582,1,1
40671,1,4
4167,1,2
56754,1,9
5187,1,2
I,1,9,32
N,753,1,9,15
71975,3,9
59622,1,8
97247,1,1
40671,1,4
16053,1,7
69348,1,5
88583,1,3
14032,1,5
44678,1,7
48599,1,9
56033,1,5
54337,1,6
39539,1,7
81606,1,8
64741,1,2
P,1,9,9,4368.3
I,1,9,37
N,2223,1,9,6
89671,1,1
47821,1,10
21510,1,9
94807,1,2
89510,1,10
88199,1,4
D,1,8
S,1,9,10,50
N,1283,1,9,10
69301,1,4
57031,1,9
5666,1,10
48869,1,5
46502,1,4
73159,1,6
24039,1,2
64735,1,1
21719,1,1
48831,1,3
P,1,9,579,1158.41
P,3,2,2243,2044.72
N,1139,1,9,5
81027,1,1
73091,1,4
73259,1,3
23975,1,7
7617,1,6
P,1,9,503,4788.26
N,1667,1,9,12
88273,1,3
73415,1,2
24291,1,5
81115,1,9
48353,1,5
49634,1,7
21206,1,2
40573,1,1
16086,1,1
56549,1,9
81383,1,6
99909,1,10
S,1,9,20,29
P,8,4,1283,1222.88
P,4,5,2035,4688.31
I,1,9,38
N,1267,1,9,12
40615,1,4
84574,1,10
55965,1,10
29971,1,8
5511,1,8
6151,1,9
55463,1,8
24023,1,8
18791,1,2
31903,1,8
57029,1,1
84646,1,7
O,1,9,475
P,1,9,1731,3977.6
P,1,9,1923,1594.65
P,6,6,2275,3884.25
N,191,1,9,15
76901,1,4
38615,1,4
66734,1,3
31303,1,7
95963,1,4
24271,1,6
24074,1,10
96739,1,8
80406,1,10
6087,1,3
58596,1,4
76511,1,4
44615,1,8
64738,1,10
81495,1,7
N,1267,1,9,12
22075,1,2
89763,1,1
31839,1,4
32289,1,1
85731,1,4
83491,1,10
81379,1,10
21957,1,1
92855,1,9
91871,1,6
89710,1,10
30433,1,2
P,1,9,2239,4681.8
N,326,1,9,13
39383,1,3
16055,1,10
11975,1,8
85733,1,3
79299,1,1
5063,1,6
14182,1,6
65127,1,6
3522,1,5
30435,1,7
1091,1,9
92871,1,8
15328,1,10
N,954,1,9,10
3527,1,6
67931,1,5
3903,1,1
40647,1,1
47963,1,3
58799,1,5
1447,1,3
65247,1,3
73249,1,1
31451,1,7
N,1264,1,9,9
53735,1,9
56775,1,1
22967,1,6
5839,1,7
71367,1,4
85710,1,2
18150,1,9
38567,1,10
5895,1,6
I,1,9,41
P,1,9,739,1270.0
N,1274,1,9,12
50663,1,7
68487,1,7
3622,1,5
72422,1,4
81347,1,6
4167,1,9
48351,1,10
2115,1,6
39627,1,1
79847,1,8
9155,1,1
97952,1,4
D,1,5
P,1,9,2048,2658.22
P,1,9,539,4737.56
P,1,9,2685,2613.46
N,317,1,9,7
56551,1,4
63079,1,3
52935,1,7
58199,1,6
65255,1,3
2115,1,8
44230,1,6
S,1,9,13,31
N,317,1,9,9
71375,1,3
68583,1,3
259,1,7
73439,1,2
11743,1,1
46821,1,5
20007,1,8
40415,1,7
46823,1,4
P,1,9,1059,2942.59
P,1,9,1219,2533.7
D,1,10
P,1,9,1539,42.99
D,1,10
S,1,9,13,24
P,5,10,1155,4508.41
P,2,4,1155,7.74
P,1,9,139,1544.94
O,1,9,1283
S,1,9,12,32
D,1,4
N,994,1,9,7
56609,1,10
88807,1,10
15959,1,2
31926,1,5
71375,1,6
77535,1,4
6215,1,5
N,1155,1,9,12
96663,1,4
82357,1,2
29799,1,8
81605,1,3
86757,1,8
81631,1,8
81607,1,9
3127,1,5
89811,1,6
35494,1,5
14693,1,5
11878,1,6
S,1,9,13,34
P,6,7,1242,3820.36
N,1021,1,9,14
14050,1,3
54983,1,9
14363,1,2
30663,1,4
56921,1,7
52199,1,7
24271,1,10
40359,1,2
93474,1,10
88614,1,7
39602,1,8
54885,1,8
40026,1,10
11983,1,2
P,1,9,327,4780.63
N,2160,1,9,11
95911,1,5
87715,1,7
1991,1,2
1095,1,8
97825,1,8
46782,1,3
32465,1,6
23783,1,5
98211,1,6
39551,1,4
81559,1,9
P,6,10,1155,2546.58
P,8,7,2819,1974.44
N,1276,1,9,11
98015,1,7
39911,1,9
86757,1,9
61121,1,1
46789,1,4
73415,1,5
48837,1,2
54975,1,3
32295,1,2
79187,1,6
72403,1,4
I,1,9,46
N,2035,1,9,14
31907,1,10
52963,1,7
24279,1,10
67047,1,6
12007,1,9
72411,1,5
16085,1,3
64891,1,7
43992,1,1
23165,1,5
23231,1,3
38545,1,8
4159,1,5
97212,1,6
P,5,9,267,965.65
N,2307,1,9,13
73239,1,9
85223,1,6
96439,1,5
81602,1,5
82599,1,8
85733,1,6
52958,1,6
31428,1,2
23751,1,7
65,1,2
57010,1,2
31966,1,6
44261,1,1
P,1,9,763,2736.45
P,1,9,2675,1413.32
S,1,9,14,46
O,1,9,2307
N,2795,1,9,6
37302,1,6
52967,1,10
40662,1,7
12999,1,9
56903,1,1
12290,1,8
P,1,9,194,2575.89
P,1,9,203,1370.97
N,2,1,9,9
6086,1,5
13991,1,1
51677,1,4
42706,1,5
20066,1,7
97766,1,6
40678,1,1
79037,1,8
93606,1,7
P,1,9,769,3210.63
N,451,1,9,10
1859,1,5
97955,1,7
32376,1,4
5127,1,9
48838,1,4
83678,1,2
57047,1,5
5703,1,9
36431,1,5
8167,1,4
N,2044,1,9,6
6198,3,7
14035,1,10
52947,1,6
80479,1,3
40355,1,10
40165,1,9
N,1209,1,9,11
39655,1,8
81634,1,9
93735,1,3
62373,1,10
50623,1,5
48830,1,4
35941,1,2
81637,1,4
64837,1,8
48863,1,2
31358,1,7
P,1,9,2184,1565.19
P,1,9,2306,128.66
D,1,6
N,328,1,9,11
96862,1,10
71270,1,4
5875,1,1
94911,1,6
91772,1,6
24295,1,8
68301,1,7
97703,1,5
50745,1,1
32223,2,1
44767,1,7
S,1,9,16,44
P,1,9,510,1301.13
D,1,4
P,1,9,1275,2036.67
P,1,9,2051,3680.0
O,1,9,1085
P,1,9,1875,4972.26
P,8,2,48,4610.04
N,1786,1,9,13
32486,1,2
35725,1,2
19042,1,9
19687,1,6
19143,1,5
62162,1,1
94935,1,1
5825,1,2
17573,1,2
52757,1,5
78047,1,6
24279,1,9
23634,1,6
N,2045,1,9,8
65253,1,1
78791,1,4
6087,1,6
63007,1,9
79589,1,5
57041,1,9
49638,1,2
32481,1,3
P,1,9,1970,1219.52
N,2291,1,9,9
31633,1,6
48861,1,4
60935,1,4
97505,1,4
29966,1,6
36131,1,3
44230,1,3
81630,1,6
87751,1,9
N,1407,1,9,11
79559,1,6
46815,1,10
70151,1,2
81558,1,5
64839,1,4
89063,1,3
47843,1,2
70051,1,6
62695,1,8
39876,1,10
9794,1,10
D,1,3
D,1,2
D,1,1
P,1,9,1259,4815.88
N,1215,1,9,12
57063,1,6
88639,1,2
28007,1,3
96631,1,10
24191,1,6
15845,1,7
15012,1,2
81634,1,10
16103,1,6
31935,1,2
27189,1,6
89251,1,8
S,1,9,17,42
