N,2301,1,1,6
72419,1,3
40667,1,1
18641,1,6
31287,1,10
40519,1,6
4135,1,9
N,1115,1,1,14
38363,1,2
76806,1,5
64871,1,7
263,1,6
68687,1,2
81575,1,8
24258,1,7
73139,1,9
30933,1,1
96198,1,4
24263,1,2
24263,1,5
44773,1,7
98791,1,8
P,1,1,299,3207.74
N,739,1,1,15
1411,1,9
23771,1,9
31959,1,6
32487,1,8
71399,1,5
12518,1,6
77030,1,2
52071,1,7
69347,1,7
39639,1,8
89558,1,7
77511,1,7
1859,1,10
55007,1,1
61927,1,10
N,723,1,1,10
56675,1,6
85455,1,5
25951,1,6
97765,1,9
24281,1,3
40419,1,9
81631,1,1
72359,1,7
5953,1,8
26085,1,7
D,1,9
N,2947,1,1,13
65126,1,6
94887,1,9
15061,1,2
48823,1,9
89381,1,6
47974,1,2
73439,1,7
61133,1,10
89613,1,3
39735,1,2
15717,1,5
95047,1,8
31199,1,4
P,1,1,1631,2715.99
N,2307,1,1,7
28388,1,6
56931,1,3
13927,1,8
97971,1,3
3111,1,3
23783,1,8
50913,1,9
P,1,1,1279,1237.48
P,1,1,2106,4747.76
P,1,1,1155,3125.44
N,398,1,1,12
91736,1,4
88471,1,5
14407,1,10
68581,1,7
28370,1,7
15015,1,10
25761,1,5
56482,1,4
38479,1,9
39610,1,7
32358,1,10
35261,1,7
P,1,1,2115,3177.24
N,771,1,1,7
48341,1,1
31453,1,5
21223,1,2
40539,1,7
70676,1,4
89470,1,9
5142,1,1
P,1,1,1262,1734.5
P,1,1,2164,4440.95
P,1,1,2034,3659.61
P,2,5,963,3508.76
N,2175,1,1,9
73434,1,8
10173,1,6
20068,1,7
19555,7,2
73295,1,9
62079,1,2
58947,1,4
10007,1,5
31975,1,10
O,1,1,671
P,1,1,2114,4523.21
P,7,5,1153,1130.17
P,1,1,282,4820.72
P,1,1,675,3629.53
N,2847,1,1,10
79589,1,10
17857,1,1
56987,1,10
55777,1,10
64999,1,1
92373,1,3
84695,1,2
23139,1,6
97747,1,7
32423,1,4
O,1,1,2363
I,1,1,28
S,1,1,17,24
I,1,1,47
N,2243,1,1,14
24230,1,3
81095,1,5
89567,1,10
67815,1,4
30424,1,5
6197,1,9
97447,1,9
39143,1,7
64231,1,2
22115,1,3
98023,1,7
9671,1,4
47655,1,7
12880,1,5
N,2805,1,1,5
57031,1,8
24163,1,3
22757,1,6
77138,1,9
69310,1,3
N,1730,1,1,6
21735,1,5
97695,1,6
12007,1,6
87718,1,5
52701,1,3
76519,1,6
P,1,1,315,4197.78
O,1,1,184
N,1143,1,1,10
30420,1,3
44773,1,7
96226,1,9
97910,1,4
89809,1,10
21935,1,3
1831,1,2
21735,1,2
97063,1,8
65255,1,3
N,1007,1,1,14
69782,1,2
46524,1,6
48615,1,1
44743,1,4
12295,1,8
6137,1,2
73414,1,6
47063,1,3
45795,1,9
32355,1,7
70019,1,9
56795,1,3
30437,1,2
81445,1,5
P,1,1,324,4321.49
P,1,1,1143,4180.23
D,1,8
N,3,1,1,5
1600,1,8
96743,1,5
16103,1,4
28261,1,9
84699,1,10
P,1,1,2115,1717.94
N,75,1,1,13
54481,1,4
24277,1,9
97783,1,1
92630,1,6
22245,1,9
98019,1,10
55071,2,6
48231,1,8
97947,1,6
55427,1,7
1862,1,9
97474,1,2
76735,1,7
N,330,1,1,6
61159,1,3
29401,1,1
40541,1,7
77521,1,5
5166,1,5
40673,1,9
P,3,4,1642,1581.55
S,1,1,12,45
N,1246,1,1,10
24035,1,3
78229,1,5
10311,1,3
77531,1,5
92383,1,9
86563,1,10
64742,1,5
24164,1,2
95686,1,6
63655,1,10
N,1282,1,1,14
15929,1,2
38622,1,4
48870,1,5
88775,1,2
54994,1,4
78303,1,6
16095,1,9
11735,1,2
46627,1,9
34175,1,3
64167,1,1
54311,1,1
31975,1,4
66774,1,9
P,4,7,1283,1361.17
N,737,1,1,14
93926,1,8
73191,1,7
78558,1,5
15891,1,8
52839,1,2
23582,1,5
55137,1,3
92007,1,6
89694,1,9
99203,1,1
76455,1,7
48839,1,2
63207,1,10
81495,1,4
P,1,1,1758,774.19
P,1,1,2947,965.61
P,1,1,1473,2269.97
N,2107,1,1,13
81638,1,10
30423,1,8
70342,1,5
32485,1,4
40565,1,10
44643,1,6
6181,1,8
73393,1,6
16869,1,5
3123,1,6
79839,1,6
40655,1,7
63043,1,9
P,1,1,913,1140.75
N,1721,1,1,8
16082,1,7
4343,1,9
52967,1,1
97703,1,6
14819,1,10
32228,1,2
24263,1,5
6150,1,2
N,1099,1,1,11
35935,1,4
31415,1,2
33953,1,5
54489,1,1
52897,1,9
72039,1,2
6211,1,9
24087,1,7
77539,1,8
97957,1,8
48359,1,5
N,867,1,1,14
3630,1,5
15989,1,4
27349,1,9
62933,1,3
60579,1,10
64741,1,7
97446,1,1
13799,1,3
73303,1,10
48741,1,9
95715,1,1
89511,1,6
4485,1,7
64164,1,1
N,2554,1,1,11
60751,1,7
47655,1,9
64735,1,10
97100,1,5
27867,1,9
1861,1,2
52455,1,9
14883,1,7
52967,1,9
46659,1,6
73287,1,4
N,283,1,1,8
73399,1,4
53863,1,9
60499,1,1
15972,1,5
17602,1,10
3909,1,5
65126,1,4
76262,1,4
D,1,4
P,1,1,1263,4378.49
P,1,1,1026,3383.93
I,1,1,31
P,1,1,2243,659.67
N,2153,1,1,10
87167,1,5
46662,1,10
81607,1,1
35495,1,1
15847,1,3
59110,1,3
21215,1,5
56805,1,8
4983,1,9
4278,1,5
P,1,1,1531,1455.77
N,2303,1,1,12
81381,1,7
85727,1,4
5191,1,4
65121,1,4
3911,1,3
999,1,9
38466,1,2
52830,1,6
40678,1,9
13959,1,2
64720,1,10
24161,1,6
P,1,1,2306,4627.25
P,1,1,1283,1433.34
P,1,1,955,4126.95
P,1,1,1651,4634.94
N,55,1,1,12
44055,1,10
54999,1,6
77254,1,4
27303,1,7
69735,1,8
5816,1,9
24279,1,10
25301,1,5
55778,1,6
40566,1,5
87780,1,5
98022,1,4
P,1,1,152,3285.18
P,7,6,2307,2166.01
P,1,1,1059,4513.4
P,1,1,2937,17.19
N,2810,1,1,9
71134,1,6
43207,1,9
69347,1,9
89147,1,2
39110,1,10
35494,1,4
89813,1,9
6145,1,3
61099,1,9
N,2237,1,1,12
52949,1,9
10303,1,3
65125,1,10
89791,1,10
24167,1,3
72415,1,8
39526,1,9
97502,1,8
14887,1,6
58077,1,6
67302,1,6
64967,1,8
N,763,1,1,14
48868,1,1
19903,1,7
56033,1,1
24197,1,9
80486,1,3
57060,1,9
57063,1,6
14902,1,1
54985,1,1
64197,1,1
10981,1,10
77510,1,4
2024,1,6
39643,1,6
P,1,1,1249,3582.71
P,1,1,2803,4342.82
N,2997,1,1,9
63207,1,7
64983,1,1
18147,1,10
31919,1,2
99685,1,6
14434,1,1
61671,1,9
81503,1,9
46694,1,7
P,1,1,1091,307.98
D,1,2
P,1,1,330,698.41
N,351,1,1,10
32483,1,6
23675,1,3
62925,1,1
80331,1,3
52709,1,5
54158,1,7
3799,1,7
30052,1,3
28126,1,3
47761,1,8
P,3,1,1523,3573.62
P,1,1,1191,1282.32
P,4,9,2755,1640.47
P,1,1,1241,2842.57
N,1283,1,1,13
77287,1,1
11815,1,2
97998,1,8
84567,1,7
5095,1,2
57565,1,9
30339,1,4
15203,1,5
28378,1,10
24095,1,2
75453,1,1
89063,1,7
24019,1,9
P,3,7,2033,3849.57
N,321,1,1,9
13014,1,5
57047,1,7
72119,1,7
63600,1,4
23970,1,1
64946,1,9
22750,1,9
6202,1,3
79073,1,8
P,1,1,1271,2670.0
I,1,1,20
N,1504,1,1,13
64171,1,8
89527,1,6
12875,1,4
48867,1,4
93927,1,1
32477,1,7
35164,1,8
55911,1,1
71110,1,2
73181,1,2
81575,1,6
79298,1,3
23423,1,1
P,5,2,2271,2004.44
P,1,1,1467,3909.85
N,1725,1,1,5
56439,1,8
23879,1,6
40679,1,1
79569,1,5
97958,1,6
P,6,6,2258,2935.13
N,280,1,1,13
32243,1,7
79570,1,9
3141,1,4
46757,1,3
95575,1,9
40101,1,6
88919,1,2
23095,1,4
48582,1,8
78559,1,2
95975,1,9
84069,1,4
97431,1,7
P,1,1,747,1312.18
P,1,1,2051,3182.92
N,1214,1,1,13
96691,1,6
64951,1,7
56998,1,2
62946,1,1
31460,1,5
24099,1,10
69855,1,2
56597,1,7
24807,1,6
4887,1,5
84431,1,3
63111,1,7
56018,1,2
P,1,1,203,2807.22
N,1107,1,1,12
56898,1,3
75943,1,3
72423,1,4
6197,1,8
73431,1,5
85575,1,3
65173,1,7
35294,1,5
89319,1,6
63075,1,6
80103,1,5
85223,1,6
N,267,1,1,5
62182,1,10
23195,1,6
65141,1,10
48322,1,2
48343,1,10
P,1,1,1283,4439.13
P,1,1,331,1689.34
D,1,9
N,2625,1,1,10
19683,1,9
99812,1,10
32418,1,3
21215,1,8
96720,1,1
37599,1,2
81636,1,1
47654,1,1
64973,1,6
32423,1,9
P,1,1,2305,4013.05
N,2291,1,1,15
5955,1,3
85667,1,4
7615,1,8
69256,1,2
40386,1,9
6215,1,9
14050,1,8
3137,1,10
16094,1,4
86759,1,4
80999,1,5
57062,1,6
14386,1,6
15765,1,1
5967,1,4
O,1,1,1698
D,1,10
S,1,1,17,46
D,1,3
N,2947,1,1,9
65237,1,8
66279,1,2
81607,1,10
79447,1,8
24039,1,3
29909,1,7
31334,1,10
42723,1,9
88799,1,2
P,6,8,1148,2701.79
I,1,1,31
P,1,1,1243,4854.93
N,893,1,1,8
68327,1,9
19919,1,6
24285,1,8
64223,1,6
22923,1,9
64215,1,8
31959,1,6
86949,1,3
N,2171,1,1,6
93479,1,8
89701,1,1
46463,1,6
46663,1,1
46679,1,8
65179,1,10
N,1209,1,1,6
71187,1,1
23251,1,7
61035,1,2
89575,1,5
48855,1,3
35427,1,1
O,1,1,2819
N,897,1,1,6
13508,1,9
40671,1,3
97958,1,2
80615,1,10
15743,1,1
4151,1,7
N,1238,1,1,6
8734,1,7
24252,1,8
27751,1,4
30367,1,2
9154,1,4
97943,1,1
N,2236,1,1,10
55908,1,1
2375,1,2
36579,1,7
11861,1,5
14999,1,8
15458,1,3
38615,1,7
14566,1,1
73191,1,1
81255,1,4
N,2546,1,1,8
29926,1,4
95647,1,2
34911,1,5
30439,1,8
88791,1,8
89285,1,7
75205,1,5
40163,1,9
N,1939,1,1,9
4158,1,4
79575,1,5
57055,1,2
66706,1,1
61846,1,6
20006,1,5
39131,1,4
93605,1,4
5648,1,4
N,2527,1,1,15
13299,1,4
31895,1,2
81637,1,9
55653,1,9
54759,1,9
55907,1,8
6202,1,1
73187,1,2
32292,1,6
89830,1,9
48836,1,8
70247,1,5
27363,1,9
48615,1,8
54887,1,10
P,1,1,2787,1031.63
P,1,1,1243,3389.61
I,1,1,38
N,2851,1,1,5
6199,1,3
97825,1,4
81238,1,9
46,1,9
30950,1,9
S,1,1,15,44
N,771,1,1,8
24166,1,5
81575,1,7
78487,1,5
95971,1,6
26727,1,6
87623,1,10
81694,1,4
85529,1,8
I,1,1,48
N,2306,1,1,14
32407,1,5
11815,1,1
1825,1,1
78151,1,6
56535,1,9
31902,1,6
16007,1,6
40670,1,9
43927,1,10
20004,1,9
81573,1,6
46695,1,4
6209,1,3
60127,1,10
P,2,6,1987,3744.32
N,1251,1,1,14
52955,1,8
20419,1,8
53987,1,3
14155,1,7
73442,1,9
88675,1,1
97937,1,3
89831,1,7
70359,1,1
5831,1,2
72863,1,7
13222,1,2
39623,1,9
38054,1,5
P,1,1,1128,590.97
O,1,1,1313
N,330,1,1,11
72927,1,5
31142,1,10
3039,1,10
16103,1,4
52828,1,1
11971,1,6
80551,1,7
87635,1,8
40678,1,1
10268,1,3
47579,1,1
P,1,1,739,1966.1
P,1,1,1499,2662.28
P,1,1,2123,3783.84
P,1,1,2147,3679.91
P,1,1,2304,1066.59
N,503,1,1,15
71907,1,7
68102,1,2
97894,1,7
73443,1,1
64710,1,4
14245,1,10
48604,1,7
44170,1,1
54549,1,10
44391,1,2
64999,1,9
71369,1,4
54626,1,1
57054,1,4
65252,1,1
P,1,1,1277,195.57
N,1600,1,1,7
36583,1,8
81607,1,1
10917,1,4
77212,1,8
81479,1,4
56473,1,5
64739,1,7
P,3,7,2290,2942.92
P,1,1,127,501.07
N,387,1,1,11
89703,1,2
81469,1,4
55015,1,3
36583,1,3
1799,1,9
95970,1,8
53222,1,7
95426,1,6
98019,1,4
19811,1,3
97439,1,5
N,2225,1,1,5
55014,1,10
88550,1,8
77510,1,4
93916,1,7
6215,1,7
P,1,1,2819,367.68
P,1,1,1707,4415.67
P,1,1,2555,2077.06
N,963,1,1,14
89765,1,1
13375,1,1
81381,1,3
78391,1,9
21987,1,1
95690,1,1
22983,1,10
53846,1,5
56167,1,8
4615,1,9
89767,1,9
68261,1,7
50246,1,1
70983,1,10
N,1264,1,1,12
65127,1,10
56807,1,9
36575,1,10
95975,1,5
79581,1,7
80903,1,5
79591,1,7
48855,1,9
32415,1,1
35494,1,9
48309,1,8
17767,1,8
O,1,1,331
N,1017,1,1,14
15591,1,1
84807,1,6
79334,1,8
80999,1,6
23069,1,1
19139,8,9
28831,1,1
2606,1,2
11495,1,7
55069,1,9
32222,1,8
44315,1,7
93367,1,2
28261,1,4
P,1,1,731,3746.64
S,1,1,14,45
P,3,1,295,3233.89
N,2243,1,1,10
39655,1,3
71303,1,4
52173,1,5
73431,1,6
25091,1,1
96575,1,6
98014,1,10
87687,1,2
6071,1,5
32111,1,6
P,1,1,1235,1775.33
S,1,1,16,35
S,1,1,10,46
P,1,1,1005,790.05
N,1151,1,1,6
69342,1,10
56551,1,1
64103,1,2
56895,1,2
42727,1,2
73423,1,4
P,1,1,74,4878.06
N,2035,1,1,15
69298,1,4
12359,1,2
3141,1,10
67087,1,3
42455,1,10
56867,1,7
56915,1,2
51618,1,3
84637,1,1
78546,1,7
3007,1,5
32478,1,3
27367,1,10
5410,1,3
44743,1,8
N,1215,1,1,10
32482,1,3
95846,1,2
73430,1,5
51361,1,3
68806,1,9
48219,1,7
5566,1,1
79591,1,6
37319,1,4
46749,1,3
P,1,1,961,3220.31
N,1022,1,1,6
28098,1,2
2021,1,2
22755,1,1
15831,1,10
6175,1,6
54367,1,3
N,2307,1,1,15
40606,1,3
4167,1,2
91218,1,1
54087,1,9
81571,1,9
24039,1,9
73445,1,8
36582,1,4
81127,1,1
38055,1,6
57055,1,7
73190,1,3
34481,1,9
62671,1,1
92644,1,8
I,1,1,42
N,766,1,1,7
80994,1,2
65232,1,2
64199,1,4
80384,1,10
63158,1,8
85697,1,4
93855,1,10
S,1,1,14,22
P,1,1,198,962.26
N,2259,1,1,5
47719,1,9
34401,1,8
6183,1,4
14340,1,3
34135,1,8
P,1,1,329,1320.05
N,1266,1,1,8
64199,1,10
73127,1,7
32423,1,6
2116,1,5
13027,1,2
6181,1,2
93799,1,1
56927,1,5
N,307,1,1,15
73365,1,2
54693,1,5
85467,1,8
73439,1,4
52918,7,6
24270,1,4
67095,1,9
4935,1,10
81623,1,2
48675,1,8
59577,1,1
65237,1,6
3007,1,4
6159,1,6
97503,1,3
N,691,1,1,10
97958,1,10
52947,1,2
73435,1,1
91827,1,7
97765,1,4
30303,1,2
6194,1,8
52838,1,5
13491,1,1
32410,1,10
P,1,1,1667,28.11
N,1011,1,1,10
76515,1,6
39327,1,3
52695,1,2
48294,1,2
56935,1,4
73359,1,6
80422,1,9
64930,1,3
31869,1,6
48355,1,8
P,1,1,512,3542.71
N,1231,1,1,9
73662,1,2
39647,1,7
35301,1,9
97921,1,4
86626,1,1
15782,1,2
71527,1,9
85054,1,5
89254,1,1
N,1281,1,1,9
71652,1,2
95453,1,5
65175,1,6
64739,1,4
25445,1,7
80583,1,6
57053,1,4
72423,1,8
32389,1,6
P,1,1,2563,81.19
N,2018,1,1,9
59622,1,9
20071,1,7
32295,1,8
14855,1,3
9419,1,5
52959,1,1
56535,1,10
43733,1,10
47810,1,9
P,1,1,1023,4410.86
O,1,1,763
N,1395,1,1,13
48851,1,10
88897,1,5
3141,1,1
20869,1,1
97998,1,10
32471,1,3
89670,1,4
71301,1,3
77251,1,7
73031,1,2
85479,1,6
20117,1,2
25802,1,5
P,1,1,2242,1271.02
P,1,1,2123,2020.92
S,1,1,19,45
N,331,1,1,5
29927,1,4
21914,1,6
60871,1,8
28055,1,2
6204,1,1
P,1,1,1283,1832.47
D,1,10
N,266,1,1,14
20107,1,4
65123,1,3
52962,1,6
48867,1,10
18647,1,9
23103,1,2
73445,1,7
24277,1,3
95335,1,2
46753,1,5
96739,1,2
28375,1,9
19676,1,5
62946,1,6
N,2027,1,1,14
66783,1,5
32325,1,10
60511,1,1
77271,1,3
89811,1,10
55015,1,8
57061,1,3
56017,1,4
13005,1,7
33763,1,2
64159,1,5
52439,1,6
31624,1,3
16039,1,7
N,2275,1,1,7
96999,1,4
5181,1,8
64835,1,5
39653,1,6
96986,1,7
38617,1,4
42407,1,2
N,2802,1,1,15
74919,1,7
5703,1,3
1327,1,5
94751,1,5
46778,1,5
97987,1,5
36535,1,4
77009,1,7
32481,1,1
6144,1,1
65231,1,4
11298,1,6
46498,1,9
31935,1,4
64099,1,4
N,707,1,1,8
80486,1,1
24291,1,10
37927,1,5
79585,1,3
57007,1,3
97207,1,8
16103,1,5
89823,1,2
N,755,1,1,5
16039,1,2
13796,1,10
4291,1,1
54695,1,6
24676,1,4
N,2166,1,1,9
3911,1,4
81559,1,9
61025,1,1
97509,1,9
97502,1,1
89255,1,2
80861,1,4
97679,1,7
44118,1,3
N,65,1,1,13
15005,1,3
16082,1,7
32139,1,3
12103,1,7
65146,1,10
13031,1,8
16027,1,4
72791,1,10
4645,1,8
6087,1,7
81629,1,7
87671,1,9
28369,1,5
N,1015,1,1,13
531,1,10
61623,1,7
6151,1,9
23143,1,9
19930,1,6
6212,1,8
14310,1,3
86983,1,8
6023,1,7
10931,1,7
16015,1,6
96459,1,10
20199,1,2
P,1,1,2153,2357.05
N,2177,1,1,9
20186,1,6
39626,1,9
29255,1,9
34523,1,1
3125,3,3
6189,1,1
87779,1,7
73440,1,2
15847,1,5
N,199,1,1,5
11750,1,1
24294,1,5
29415,1,10
96477,1,5
15842,1,3
