N,2298,1,2,13
81074,1,10
56287,1,5
56783,1,2
80503,1,3
79463,1,2
32446,1,1
80566,1,6
32478,1,8
77445,1,3
87717,1,6
1071,1,7
89254,1,8
79543,1,8
N,1281,1,2,15
4596,1,6
80063,1,3
84646,1,5
48063,1,3
15037,1,1
38627,1,3
52820,1,9
23231,1,8
28359,1,8
28359,1,4
17799,1,2
56523,1,7
15454,1,2
61023,1,8
95695,1,1
N,2177,1,2,12
97507,1,6
6211,1,2
98019,1,10
44695,1,10
97471,1,4
31203,1,8
18309,1,4
79571,1,7
66405,1,3
16031,1,1
40546,1,6
71110,1,1
O,1,2,1507
N,1147,1,2,12
42711,1,1
89811,1,2
9830,1,4
81623,1,10
73445,1,3
36570,1,7
40152,1,1
28887,1,7
36019,1,6
82887,1,7
32415,1,4
26324,1,2
N,1155,1,2,9
81637,1,5
63863,1,9
56287,1,6
27335,1,8
31367,1,7
96923,1,5
83106,1,7
64178,1,5
2116,1,1
N,1151,1,2,8
38883,1,5
52965,3,10
16093,1,3
23201,1,5
65207,1,2
72875,1,1
36543,1,7
85733,1,9
N,1023,1,2,6
71205,1,2
48869,1,2
31329,1,4
73311,1,2
5063,1,4
48847,1,4
N,1237,1,2,7
72919,1,5
62503,1,6
60497,1,4
14407,1,8
89287,1,4
23967,1,2
48871,1,1
P,1,2,2095,3032.37
P,5,1,2299,3795.65
N,196,1,2,13
97890,1,8
31270,1,7
40419,1,5
32473,1,8
39654,1,3
40585,1,3
55767,1,9
51905,1,8
30375,1,2
40423,1,3
88922,1,3
29923,1,6
64741,1,8
P,1,2,75,2272.37
P,1,2,1973,3074.36
N,1107,1,2,10
73423,1,2
9317,1,4
81543,1,2
69335,1,5
95462,1,8
39143,1,1
24161,1,8
96996,1,9
95146,1,7
57050,1,7
P,1,2,2138,2277.59
P,1,2,1249,3236.48
N,195,1,2,11
40039,1,8
62566,1,1
72406,1,7
48551,1,6
15815,3,8
97887,1,5
13002,1,2
81127,1,5
48865,1,10
39611,1,3
2071,1,7
P,1,2,202,2941.38
P,1,2,1792,4210.21
N,1731,1,2,12
90787,1,7
75335,1,1
64741,1,8
89371,1,2
6213,1,2
53735,1,10
4167,1,4
15575,1,3
15969,1,9
71303,1,6
28254,1,1
26181,1,2
I,1,2,21
P,1,2,267,1507.35
N,1154,1,2,13
88669,1,5
96551,1,7
69159,1,8
69605,1,3
19668,1,3
29799,1,6
23910,1,1
15846,1,1
29382,1,8
89250,1,7
5875,1,3
3653,1,7
69094,1,10
I,1,2,44
P,1,2,2305,3433.52
P,1,2,1275,228.17
N,194,1,2,15
32222,1,4
73286,1,1
61139,1,4
56227,1,3
73415,1,7
63063,1,10
56036,1,10
78525,1,7
3973,1,2
5957,1,10
61767,1,8
81367,1,1
71343,1,6
90181,1,5
37799,1,1
N,2175,1,2,11
22247,1,1
72930,1,5
80103,1,9
15461,1,2
81269,1,10
48326,1,1
65245,1,9
69159,1,6
84709,1,7
56231,1,9
48295,1,3
P,1,2,1185,1947.19
N,2800,1,2,6
61023,1,1
76263,1,3
23773,1,4
28311,1,10
79807,1,8
73187,1,2
P,1,2,699,3624.43
P,1,2,2259,4021.55
P,1,2,1763,4431.81
N,290,1,2,11
50919,1,8
39391,1,4
14563,1,6
96947,1,4
24223,1,6
32404,1,1
52955,1,9
43639,1,9
55713,1,3
98007,1,4
31959,1,10
N,199,1,2,11
56510,1,9
29266,1,5
18513,1,9
86167,1,8
99469,1,4
34011,1,10
81629,1,5
31959,1,3
1029,1,3
73447,1,3
28386,1,6
P,1,2,2121,1306.59
P,1,2,197,1177.64
P,1,2,1263,517.06
P,1,2,66,2080.22
N,2279,1,2,5
11927,1,9
86759,1,7
43815,1,9
59999,1,9
93895,1,9
P,1,2,2089,2810.86
N,322,1,2,14
95911,1,7
10190,1,4
35556,1,8
10647,1,5
54939,1,4
77219,1,10
64703,1,2
36573,1,10
70887,1,9
16071,1,9
23941,1,1
44567,1,4
31842,1,7
73309,1,6
P,1,2,2163,447.93
P,1,2,1979,3970.28
N,235,1,2,14
48015,1,8
48295,1,10
58982,1,5
40403,1,3
44574,1,9
99037,1,7
96791,1,7
40164,1,4
95972,1,4
23270,1,7
40487,1,10
16093,1,10
64862,1,9
54237,1,8
N,2307,1,2,14
18369,1,5
99040,1,8
72676,1,6
52935,1,6
78926,1,9
15569,1,8
64987,1,4
31703,1,1
96570,1,1
95927,1,3
36575,1,3
55611,1,1
73187,1,5
43743,1,3
P,1,2,826,328.82
P,1,2,2179,1033.37
P,1,2,2299,2145.98
D,1,9
P,8,3,1154,3086.79
P,1,2,1730,4073.5
P,1,2,2720,3288.68
N,1667,1,2,6
96998,1,7
63015,1,1
89823,1,9
44517,1,6
72037,1,9
50782,1,3
P,1,2,173,557.24
O,1,2,2179
P,1,2,1215,4221.39
I,1,2,39
O,1,2,327
N,213,1,2,8
73439,1,10
89671,1,4
50269,1,7
97951,1,5
21223,1,7
85071,1,4
73415,1,6
97493,1,4
P,1,2,1267,1742.81
N,1725,1,2,12
48543,1,10
39082,7,5
22877,1,6
67299,1,8
89319,1,5
63203,1,9
23975,1,1
39939,1,1
81059,1,7
80483,1,9
52447,1,4
3651,1,6
N,2627,1,2,15
5031,1,5
14821,1,1
64223,1,2
1857,1,5
14550,1,9
28379,1,10
89815,1,9
19647,1,5
5924,1,3
6207,1,6
97783,1,4
14399,8,3
40609,1,10
72379,1,9
20503,1,8
P,1,2,2274,3027.61
S,1,2,17,50
P,1,2,1150,1004.96
D,1,4
D,1,7
N,2979,1,2,7
72935,1,6
1685,1,10
15039,1,6
31748,1,3
93153,1,10
31910,1,3
73414,1,8
P,1,2,1795,1342.02
N,235,1,2,9
32359,1,4
20023,1,2
65255,1,4
44711,1,1
16086,1,6
5061,1,9
79555,1,3
51390,1,7
89831,1,6
N,1793,1,2,15
98096,1,4
40375,1,4
39863,1,5
80455,1,9
40342,1,1
5190,1,1
27367,1,8
24774,1,3
80590,1,6
48738,1,4
73443,1,7
44637,1,1
11751,1,1
4931,1,3
71775,1,6
P,1,2,611,3569.57
N,265,1,2,8
96871,1,9
30439,1,5
36327,1,1
21214,1,5
40671,1,2
81124,1,8
18141,1,8
14819,1,7
I,1,2,23
P,1,2,2305,2414.12
D,1,5
P,1,2,2817,1251.07
N,331,1,2,13
72230,1,2
97405,1,10
63058,1,7
27846,1,10
3138,1,9
81383,1,5
72321,1,2
57063,1,2
79559,1,10
72679,1,6
77511,1,4
80580,1,2
64679,1,6
N,131,1,2,9
97767,1,4
57031,1,3
40131,1,10
22687,1,10
44630,1,10
81503,1,1
64896,1,1
73187,1,7
4405,1,8
P,1,2,1267,706.3
N,2275,1,2,9
47783,1,4
64737,1,9
55010,1,8
63714,1,4
57059,1,2
73182,1,7
40487,1,6
19878,1,10
34578,1,10
N,651,1,2,14
57055,1,9
23873,1,5
28325,1,6
43323,1,8
63943,1,8
56486,1,8
16027,1,10
16063,1,9
6127,1,5
54455,1,2
4679,1,9
83607,1,4
1510,1,6
63015,1,10
N,1027,1,2,15
52833,1,10
79335,1,3
13031,1,10
47783,1,1
88485,1,2
23991,1,1
5703,1,4
76935,1,1
69223,1,7
96998,1,10
23509,1,6
12993,1,3
99621,1,8
32486,1,3
48838,1,5
N,1215,1,2,12
32454,1,3
35363,1,5
16479,1,8
5569,1,8
24271,1,6
90343,1,3
14267,1,4
61088,1,3
81635,1,2
62075,1,8
94852,1,3
31719,1,5
O,1,2,1219
P,1,2,1795,4489.46
N,1265,1,2,10
67301,1,8
51431,1,10
24231,1,2
55989,1,3
27367,1,9
66333,1,6
69095,1,5
15783,1,9
85139,1,7
30407,1,2
N,2177,1,2,9
97637,1,2
67166,1,1
38627,1,2
65041,1,10
39963,1,2
28326,1,7
53987,1,2
23778,1,5
97855,1,4
P,1,2,2699,2714.61
N,171,1,2,6
8385,1,10
52902,1,7
20899,1,2
89825,1,3
80803,1,1
84453,1,5
P,1,2,1085,4984.77
N,1962,1,2,12
18119,6,7
79074,1,7
97629,1,10
86741,1,9
35535,1,1
68439,1,5
64163,1,1
15558,1,9
35045,1,7
73159,1,8
89447,1,4
14053,1,1
P,1,2,1105,1006.57
P,1,2,1753,2796.47
N,733,1,2,8
3911,1,4
39637,1,7
992,1,1
97479,1,3
81639,1,6
68579,1,1
14814,1,3
32479,1,8
N,2659,1,2,14
57057,1,5
14500,1,5
97499,1,5
14401,1,2
22655,1,6
97980,1,2
24245,1,2
40606,1,4
32455,1,10
23383,1,2
28325,1,2
13407,1,10
52966,1,5
40035,1,3
P,1,2,2755,479.87
P,1,2,2307,4204.34
D,1,10
P,1,2,330,2587.25
N,202,1,2,5
73299,1,10
9163,1,6
56011,1,1
73318,1,8
22106,1,1
N,2302,1,2,15
97380,1,7
63719,1,9
44775,1,8
5124,1,9
44390,1,5
46726,1,1
88483,1,1
96379,1,4
9091,1,1
5215,1,8
39607,1,10
16103,1,10
95885,1,4
15430,1,2
23655,1,5
N,1219,1,2,12
57031,1,2
13409,1,2
43431,1,3
63206,1,3
57059,1,7
1256,1,4
39893,1,8
93607,1,4
79462,1,9
24159,1,9
74655,1,1
12006,1,5
P,3,5,2287,3790.74
P,1,2,1235,66.43
P,1,2,1155,3200.92
N,2299,1,2,9
30223,1,1
89430,1,9
64926,1,4
23267,1,6
71271,6,3
3117,1,7
80535,1,8
68811,1,9
37590,1,8
N,2159,1,2,10
38599,1,5
89831,1,6
96471,1,7
15927,1,10
46803,1,1
44755,1,4
50919,1,6
11878,1,8
30435,1,8
56454,1,3
P,1,2,598,586.19
P,1,2,322,4351.43
I,1,2,29
N,835,1,2,7
56521,1,2
64695,1,9
44775,1,5
32485,1,3
81350,1,5
12349,1,9
98015,1,8
N,2305,1,2,11
29405,1,6
57047,1,5
22327,1,8
39653,1,7
21924,1,2
87879,1,5
42705,1,3
24287,1,3
65255,1,2
52295,1,6
15847,1,8
D,1,3
P,1,2,71,2848.22
N,1795,1,2,9
81618,1,1
3011,1,10
84565,1,3
40679,1,7
47495,1,1
87478,1,3
68287,1,9
57043,1,4
44705,1,8
P,1,2,515,3714.52
N,2159,1,2,10
32223,1,9
93671,1,2
89743,1,3
21477,1,8
32175,1,7
15833,1,4
72743,1,6
46677,1,10
48767,1,4
81491,1,1
S,1,2,17,20
N,323,1,2,15
11803,1,2
23933,1,10
32327,1,9
71591,1,7
23263,1,3
64737,1,4
97943,1,1
64733,1,2
52583,1,1
81351,1,4
79007,1,9
11991,1,2
48799,1,8
71903,1,8
44125,1,9
P,1,2,1273,928.16
N,947,1,2,12
23171,1,3
73095,1,8
84887,1,6
47847,1,6
70023,1,7
44737,1,4
12451,1,10
95207,1,6
96923,1,5
97743,1,2
2031,1,3
81317,1,3
P,1,2,138,2462.23
P,5,9,1283,3714.63
P,1,2,1137,2388.43
N,1249,1,2,5
20887,1,4
69082,1,3
48471,1,6
88391,1,1
68852,1,3
N,2306,1,2,13
53991,1,3
13877,1,7
73415,1,3
32471,1,10
48523,1,4
35303,1,9
54599,1,6
28135,1,1
83519,1,7
40091,1,1
46306,1,4
71143,1,9
44639,1,6
P,1,2,963,3037.52
N,187,1,2,15
48743,1,4
58305,1,4
13187,1,1
81639,1,6
85351,1,5
39655,1,5
63975,1,10
10086,1,9
47335,1,9
73382,1,4
16093,1,3
25661,1,5
55015,1,8
42658,1,2
27101,1,3
I,1,2,30
P,1,2,750,3537.31
P,1,2,641,3795.45
S,1,2,18,42
P,1,2,1105,1733.2
N,2778,1,2,11
97975,6,3
81637,1,3
88539,1,3
73363,1,5
89527,1,6
89415,1,4
46751,1,7
46823,1,10
42715,1,2
96863,1,2
15719,1,7
N,759,1,2,7
57010,1,9
62183,1,7
80390,1,6
3511,1,5
81573,1,3
58383,1,7
64870,1,1
N,295,1,2,5
85731,1,3
32354,1,7
72868,1,8
62181,1,10
64739,1,2
N,1155,1,2,11
63201,1,9
79590,1,6
74966,1,4
35983,1,3
72234,1,8
32487,1,3
31450,1,8
87280,1,3
83366,1,9
40675,1,1
75429,1,9
I,1,2,41
S,1,2,12,33
N,243,1,2,5
38340,1,2
16067,1,1
92865,1,8
20699,1,5
71102,1,8
P,1,2,1279,2496.92
P,1,2,2945,4045.2
O,1,2,743
P,1,2,2177,727.85
D,1,1
P,2,8,515,1423.51
P,1,2,1793,1159.02
P,1,2,1279,1929.97
N,1194,1,2,12
80349,1,6
38366,1,7
31259,1,2
48357,1,9
5182,1,8
63143,1,1
98021,1,3
56926,1,7
6167,1,4
21670,1,4
64983,1,8
56004,1,3
P,1,2,41,1918.0
N,2914,1,2,5
84327,1,7
52679,1,1
43159,1,10
65254,1,5
31971,1,6
P,1,2,2256,4584.54
N,2289,1,2,13
46019,1,9
37072,1,3
65191,1,2
29779,1,10
13730,1,4
24150,1,7
74095,1,5
60382,8,3
20071,1,8
1591,1,9
24271,1,6
62183,1,7
54499,1,1
N,2272,1,2,7
23911,1,5
78241,1,6
93670,1,6
28381,1,2
38498,1,7
7746,1,1
97991,1,2
O,1,2,170
P,1,2,627,1985.16
N,2051,1,2,13
48741,1,4
72358,1,1
6183,1,5
44706,1,1
97942,1,1
20132,1,4
32483,1,7
40156,1,5
83607,1,7
32359,1,10
81633,1,2
40127,1,10
37550,1,9
N,753,1,2,10
27677,1,7
1734,1,7
72039,1,4
30438,1,7
64978,1,3
29357,1,10
31455,1,3
40154,1,1
25247,1,4
87232,1,2
P,1,2,2307,1213.42
N,1203,1,2,11
35777,1,6
80479,1,2
1094,1,7
44775,1,6
95207,1,5
27889,1,6
1071,1,6
16078,1,2
16613,1,1
46678,1,9
16097,1,2
N,2307,1,2,8
55449,1,2
64677,1,4
13283,1,2
52967,1,2
16079,1,1
64231,1,9
61151,1,5
46822,1,1
P,1,2,2195,3378.25
N,345,1,2,14
5697,1,8
36561,1,10
14855,1,6
48327,1,6
56583,1,4
39988,1,4
17953,1,5
61159,1,2
2719,1,7
72879,1,10
26204,1,5
39332,1,8
69922,1,4
963,1,8
P,1,2,1027,1319.03
P,1,2,155,1600.39
N,1059,1,2,14
32199,1,1
4926,1,6
72612,1,6
65095,1,7
5061,1,10
5927,1,6
19902,1,6
84766,1,10
15967,1,2
24295,1,3
79541,1,3
48357,1,8
38099,1,4
42727,1,3
N,314,1,2,10
36575,1,4
54451,1,10
40661,1,6
88201,1,2
31949,1,1
6215,1,3
15267,1,6
52839,1,8
47846,1,1
31971,1,6
P,1,2,733,701.22
N,488,1,2,11
76477,1,8
53730,1,10
44053,1,3
21133,1,5
25781,1,9
77286,1,5
96991,1,1
15838,1,9
6183,1,2
5186,1,7
13860,1,6
N,2133,1,2,13
1591,1,10
84646,1,6
20199,1,3
71397,1,4
39654,1,4
81622,1,2
80479,1,4
23270,1,4
97887,1,10
63199,1,1
40535,1,7
78919,1,9
62907,1,3
O,1,2,641
P,1,2,2147,4321.63
P,1,2,1127,43.9
N,2227,1,2,9
93927,1,2
33471,1,2
26343,1,2
23142,1,3
2871,1,2
65114,1,3
89557,1,1
75494,1,5
65254,1,3
P,1,2,265,3924.73
P,7,10,2977,682.7
N,2179,1,2,10
81093,1,4
88691,1,9
97255,1,5
10944,1,7
38371,1,4
89495,1,7
3139,1,8
89831,1,2
53206,1,9
79107,1,3
P,1,2,314,4768.28
O,1,2,387
P,1,2,2305,964.86
N,331,1,2,10
93411,1,7
63073,1,7
81575,1,9
19985,1,5
83607,1,4
73302,1,1
36314,1,10
47199,1,8
15587,1,7
11895,1,4
N,2947,1,2,5
28375,1,6
42631,1,9
36419,1,9
11953,1,1
38303,4,3
N,170,1,2,11
87830,1,1
22757,1,2
48351,1,7
44774,1,8
59747,1,1
5567,1,9
73447,1,9
2086,1,2
2119,1,10
48862,1,8
97341,1,8
P,1,2,771,4682.64
N,771,1,2,6
89307,1,8
14023,1,2
73446,1,7
24805,1,10
72979,1,8
40167,1,5
N,67,1,2,9
48128,1,1
4597,1,4
93031,1,9
46087,1,10
63013,1,7
93799,1,9
30269,1,9
65234,1,3
47631,1,9
S,1,2,20,35
P,8,6,1121,2813.57
N,321,1,2,11
89831,1,5
99487,1,8
71887,1,5
11750,1,8
85214,1,4
65925,1,2
48735,1,4
96863,1,9
47835,1,6
58049,3,6
94564,1,8
P,1,2,323,2250.69
P,1,2,2031,2113.49
P,1,2,1667,2613.67
N,1771,1,2,9
63643,1,10
15815,1,8
72143,1,1
89826,1,4
57043,1,5
83687,1,10
53973,1,4
31374,1,4
48003,1,6
P,1,2,2227,1134.25
N,2747,1,2,6
54975,1,7
23255,1,9
64865,1,10
65251,1,9
85726,1,9
70374,1,10
N,1715,1,2,11
20071,1,9
14054,1,9
59719,1,2
57027,1,7
73191,1,2
89303,1,5
48547,1,7
40453,1,6
31463,1,10
15590,1,4
68943,1,4
P,3,2,1267,1210.52
N,2303,1,2,7
73437,1,3
16099,1,2
39623,1,10
97478,1,7
41639,1,9
80611,1,8
4143,1,2
O,1,2,1535
I,1,2,29
N,1179,1,2,15
24277,1,10
53414,1,7
80611,1,2
28102,1,1
31454,1,1
97959,1,4
87123,1,5
40607,1,3
23711,1,8
56991,1,6
42583,1,10
40562,1,7
72421,1,9
73446,1,8
73189,1,10
P,1,2,1278,4833.64
P,1,2,1667,4845.79
P,1,2,139,3799.48
P,1,2,2147,3109.68
O,1,2,2046
D,1,7
N,203,1,2,9
56695,1,5
53991,1,9
19143,1,5
64231,1,3
57062,1,9
9695,1,4
38866,1,1
73383,1,6
40662,1,3
N,1207,1,2,13
6191,1,6
16103,1,4
96486,1,10
97191,1,6
40661,1,2
47335,1,6
48563,1,8
39975,1,3
24087,1,6
73429,1,10
60388,1,10
9383,1,10
34503,1,6
P,1,2,1155,3599.26
I,1,2,32
N,2139,1,2,12
48239,1,3
64943,1,10
5941,1,9
56151,1,10
48349,1,2
63142,1,2
48711,1,4
38982,1,7
40551,1,10
24231,1,2
38563,1,2
27279,1,6
N,195,1,2,7
23267,1,4
46689,1,1
65254,1,4
23780,1,5
5885,4,7
63327,1,2
15589,1,8
N,2467,1,2,6
61150,1,5
28380,1,7
97440,1,7
39127,1,9
36567,1,4
86754,1,9
P,6,1,754,1943.35
P,1,2,1283,2691.31
