N,267,1,3,7
2082,1,6
24199,1,8
64134,1,7
64738,1,4
36519,1,7
48741,1,4
56031,1,1
N,1283,1,3,10
15591,1,2
52886,1,3
95700,1,5
89383,1,3
75813,1,8
22179,1,3
77543,1,6
78306,1,5
47579,1,5
55991,1,3
P,1,3,499,782.62
S,1,3,11,50
N,299,1,3,7
36327,1,4
24160,1,10
23207,1,1
3973,1,4
72420,1,8
74983,1,4
15858,1,7
P,1,3,579,2108.03
P,3,2,2290,2752.72
I,1,3,35
N,961,1,3,7
81318,1,9
52823,1,8
7,1,5
16762,1,9
53990,1,5
89823,1,6
98003,1,2
I,1,3,50
N,331,1,3,8
80837,1,6
72167,1,4
56899,1,3
15519,1,5
81317,1,7
16095,1,7
32286,1,8
7203,1,10
P,4,5,294,44.44
P,1,3,136,4453.29
N,2297,1,3,14
48359,1,5
23555,1,4
67174,1,5
56290,1,3
16094,1,3
16069,1,6
36061,1,7
28624,1,9
56935,1,1
68,1,5
31455,1,1
71391,1,2
79829,1,2
79303,1,1
P,1,3,2174,4241.7
P,1,3,199,4246.41
N,2235,1,3,11
56523,1,10
3334,1,8
80487,1,7
39134,1,10
32255,1,8
46556,1,1
4895,1,9
40662,1,9
24020,1,2
80992,1,2
10659,1,5
N,1769,1,3,7
28351,1,9
60893,1,10
15967,1,6
24277,1,6
11543,1,5
32458,1,3
97506,1,3
P,6,7,259,1300.67
P,1,3,325,1079.36
N,1903,1,3,14
69223,1,6
57030,1,8
12351,1,2
65187,1,10
40675,1,1
73125,1,8
6147,1,3
44263,1,1
56478,1,6
95439,1,3
11684,1,2
56551,1,10
27124,1,2
97695,1,8
N,1019,1,3,12
79581,1,3
88919,1,3
81117,1,8
29391,1,8
65255,1,2
79903,1,7
4415,1,6
53651,1,7
31575,1,8
48551,1,7
13006,1,8
48791,1,2
P,1,3,330,3327.86
P,1,3,1279,3326.42
P,1,3,1667,2229.44
S,1,3,16,25
N,2686,1,3,8
80722,1,7
47796,1,1
5303,1,2
40678,1,10
40503,1,5
16067,1,7
31974,1,9
93855,1,2
I,1,3,30
P,1,3,2307,3292.59
P,1,3,1666,756.58
N,2290,1,3,6
77413,1,8
81362,1,10
22823,1,3
35767,1,6
76519,1,1
29399,1,7
O,1,3,2301
N,2047,1,3,6
40039,1,4
15032,1,9
63127,1,2
96869,1,10
76509,1,7
27428,1,6
P,1,3,2051,4831.28
N,891,1,3,6
14757,1,10
40645,1,7
73377,1,2
62615,1,1
60647,1,7
15959,1,2
N,2418,1,3,11
14694,1,6
35039,1,10
77507,1,3
15591,1,9
10981,1,7
64663,1,10
26007,1,8
51919,1,9
63917,1,1
60086,1,4
89763,1,4
P,1,3,67,3986.62
D,1,7
N,1763,1,3,15
92902,1,8
22846,1,10
88523,1,7
63197,1,4
11879,1,5
37962,1,3
77541,1,9
18636,1,4
61735,1,6
65055,1,2
97885,1,5
81383,1,7
88774,1,1
13831,1,4
91815,1,9
N,2816,1,3,9
56791,1,2
45723,1,3
97814,1,4
97891,1,8
81447,1,9
14742,1,6
14645,1,5
97367,1,4
40423,1,8
P,1,3,2162,4957.37
O,1,3,2947
N,1027,1,3,8
44259,1,3
56931,1,7
14949,1,5
12007,1,2
70246,1,2
93399,1,10
90535,1,4
60631,1,10
P,1,3,327,797.99
P,1,3,1283,3294.47
N,1891,1,3,10
52450,1,8
16053,1,10
27871,1,2
5621,1,1
32415,1,8
49575,1,4
14029,1,5
55975,1,7
83559,1,6
44615,1,6
S,1,3,12,26
N,1411,1,3,11
95905,1,2
16103,1,10
63119,1,9
60561,1,10
40671,1,3
20199,1,2
94045,1,6
11693,1,7
65159,1,7
71911,1,10
93895,1,10
N,47,1,3,8
70247,1,9
48719,1,3
1987,1,10
46803,1,10
97760,1,7
91845,1,8
66916,1,7
56929,1,4
P,1,3,511,233.98
P,1,3,1969,4831.58
I,1,3,39
O,1,3,867
P,1,3,1283,1440.04
P,7,1,450,1793.13
P,1,3,2162,4767.46
N,1022,1,3,7
8933,1,3
69287,1,5
32487,1,10
96871,1,4
61156,1,5
5757,1,10
73319,1,1
N,2179,1,3,11
38556,1,7
30302,1,9
85733,1,9
87779,1,10
52838,1,7
32467,1,3
52966,1,6
16053,1,1
98023,1,7
85543,1,3
64887,1,8
P,1,3,1918,1952.77
N,2304,1,3,9
19045,1,9
38054,1,10
69027,1,7
80999,1,3
46407,1,9
44739,1,3
5855,1,8
67813,1,2
58979,1,8
P,1,3,509,596.77
P,1,3,2515,1485.49
N,1795,1,3,9
71319,1,2
93848,1,4
86723,1,10
85479,1,8
81623,1,6
89309,1,10
77027,1,6
40166,1,6
32455,1,8
P,1,3,2743,1193.27
D,1,4
I,1,3,33
P,1,3,2306,2471.16
I,1,3,39
N,1139,1,3,6
2116,1,3
81639,1,1
5694,1,5
89830,1,4
60903,1,7
31683,1,8
P,1,3,2029,3334.0
O,1,3,1998
N,164,1,3,7
87621,1,4
89823,1,9
64968,1,8
47831,1,9
4919,1,2
22499,1,7
5061,1,5
N,73,1,3,8
38469,1,3
40645,1,1
5575,1,9
72295,1,1
50455,1,5
40539,1,4
13788,1,5
22222,1,1
O,1,3,2801
P,1,3,2777,2333.8
I,1,3,44
P,7,1,273,3179.81
D,1,1
N,1215,1,3,8
92803,1,5
57004,1,7
76516,1,4
77159,1,10
72035,1,9
92614,1,8
93927,1,7
85723,1,3
N,329,1,3,7
32291,1,7
25959,1,5
65235,5,4
64290,1,2
30214,1,8
96998,1,8
13967,1,10
P,1,3,1603,4624.13
P,1,3,1110,1699.19
N,2305,1,3,12
59975,1,1
47567,1,9
64887,1,8
89831,1,1
33755,1,9
54499,1,5
48482,1,4
15272,1,2
48867,1,5
86499,1,3
89751,1,7
16023,1,4
O,1,3,642
P,1,3,171,3663.05
N,953,1,3,13
24285,1,10
64996,1,4
48358,1,4
8223,1,7
79461,1,8
77515,1,2
69143,1,8
55903,1,1
77443,1,9
14561,1,9
57055,1,10
16103,1,1
73343,1,4
S,1,3,16,30
N,1247,1,3,10
40006,1,6
54991,1,6
56534,1,10
72678,1,4
72518,1,10
95943,1,6
24279,1,2
97989,1,9
47975,1,5
48587,1,5
P,1,3,326,1896.94
N,738,1,3,9
15774,1,8
96886,1,4
4119,1,3
47335,1,5
2117,1,2
29351,1,10
83618,1,1
6215,1,3
81127,1,9
P,1,3,186,4435.77
N,1985,1,3,14
48803,1,9
72167,1,9
8069,1,2
23527,1,5
44423,1,1
89669,1,1
23773,1,8
35815,1,2
99943,1,4
48422,1,1
14183,1,5
4674,1,3
47654,1,5
16103,1,9
O,1,3,2979
N,2147,1,3,6
95843,1,3
94823,1,4
79351,1,5
56661,1,5
54999,1,2
99815,1,2
P,1,3,43,1340.68
N,1265,1,3,13
35015,1,2
11943,1,4
5175,1,7
40679,1,6
32231,1,7
57014,1,8
22686,1,8
80421,1,2
14946,1,9
88031,1,2
18919,1,1
52943,1,1
24295,1,9
N,2627,1,3,10
20005,1,8
64743,1,8
81443,1,4
89190,1,3
62068,1,1
583,1,4
56934,1,6
27814,1,3
49895,1,1
76434,1,3
N,267,1,3,10
10210,1,1
81287,1,7
72423,1,8
28005,1,4
36561,1,8
69248,1,6
56551,1,4
89309,1,8
81638,1,1
87353,1,4
P,1,3,2243,3385.7
P,1,3,1266,2243.2
P,1,3,2759,75.35
N,2303,1,3,12
8927,1,6
56919,1,9
48054,1,7
31959,1,2
20191,1,4
97446,1,10
44510,1,4
40163,1,4
46559,1,5
97891,1,10
89733,1,5
11365,1,5
P,1,3,1243,3755.65
N,1279,1,3,13
44647,1,7
13793,1,1
16102,1,2
56343,1,5
34158,1,10
22474,1,9
28135,1,8
14054,1,5
65255,1,6
89295,1,10
88933,1,7
30111,1,9
88803,1,7
S,1,3,18,33
N,2307,1,3,13
14813,1,3
48709,1,3
48294,1,3
35994,1,1
26213,1,6
45767,1,8
72389,1,9
81635,1,9
78373,1,4
11219,1,7
64731,1,3
23231,1,2
81623,1,3
N,1763,1,3,12
15876,1,9
4853,1,7
21221,1,9
93358,1,1
56967,1,6
79303,1,2
40679,1,7
55015,1,8
96918,1,6
23269,1,6
5175,1,4
69351,1,5
N,2211,1,3,13
55735,1,2
78967,1,1
82469,1,9
73403,1,10
5687,1,10
80578,1,8
73430,1,7
46259,1,8
95895,1,7
85110,1,8
89271,1,6
6015,1,1
23252,1,10
S,1,3,10,35
N,75,1,3,14
65223,1,1
32485,1,7
5959,1,6
95463,1,8
57569,1,6
52807,1,10
81636,1,10
48766,1,4
73431,1,3
26662,1,8
35511,1,2
64619,1,9
97751,1,5
4167,1,6
P,1,3,1760,4157.42
N,325,1,3,14
41695,1,1
97991,1,7
48862,1,9
15697,1,5
87039,1,2
32486,1,2
56897,1,1
52391,1,3
97510,1,5
7726,1,8
39582,1,8
23775,1,3
75483,1,5
97502,1,10
N,751,1,3,6
50917,1,7
31462,1,3
40660,1,6
98022,1,4
69967,1,5
71977,1,1
P,1,3,2307,2323.71
P,1,3,1107,4957.09
N,267,1,3,13
56895,1,7
30155,1,4
89575,1,8
27319,1,2
13415,1,6
30562,1,1
56882,1,4
13379,1,8
50326,1,10
86247,1,10
40413,1,3
89575,1,4
28119,1,9
P,1,3,65,55.44
P,1,3,1783,2917.22
P,1,3,851,4506.29
P,1,3,303,4299.49
P,1,3,315,4292.42
P,1,3,1145,892.39
N,265,1,3,14
75490,1,5
15943,1,2
60135,1,5
29641,1,7
56999,1,8
10262,1,8
14453,1,3
14695,1,6
57027,1,1
14279,1,1
6206,1,9
48343,1,10
37339,1,3
96902,1,4
O,1,3,513
N,849,1,3,14
24294,1,10
48615,1,2
55781,1,9
93793,1,5
28124,1,2
72403,1,4
23111,1,3
39391,1,5
73371,1,1
79330,1,8
14503,1,8
37027,1,9
4163,1,8
24007,1,10
N,1983,1,3,9
73415,1,8
9447,1,9
5127,1,7
2118,1,10
48715,1,5
64967,1,6
54979,1,7
56484,1,8
89478,1,6
O,1,3,995
N,514,1,3,5
21734,1,3
12007,1,3
62119,1,10
81443,1,5
56677,1,3
N,167,1,3,10
36313,1,7
68103,1,3
39871,1,2
21735,1,4
71175,1,1
37856,1,1
89703,1,4
24894,1,9
60992,1,8
32455,1,3
P,1,3,163,321.51
N,2938,1,3,9
96805,1,8
11079,1,6
7751,1,3
39122,1,2
81621,1,2
73315,1,5
48853,1,2
31424,1,3
18855,1,6
N,2551,1,3,11
48334,1,3
1031,1,3
6087,1,8
69335,1,5
97830,1,6
16095,1,3
43863,1,6
45285,1,7
89694,1,7
40410,1,5
89653,1,3
P,1,3,2299,4084.7
N,2209,1,3,10
72867,1,4
40615,1,7
40358,1,4
91878,1,10
40527,1,4
47335,1,2
14404,1,8
55910,1,2
11997,1,5
86485,1,4
D,1,8
P,1,3,1155,2885.76
I,1,3,31
N,2243,1,3,14
10919,1,1
89813,1,10
36549,1,10
80867,1,10
18054,1,4
81615,1,9
38480,1,8
72355,1,3
94471,1,6
54451,1,9
23766,1,2
80090,1,1
36582,1,6
39487,1,5
D,1,1
N,1280,1,3,13
76903,1,9
85338,1,8
81631,1,2
72933,1,3
64563,1,1
40245,1,9
5699,1,3
95847,1,1
44647,1,8
5699,1,7
97751,1,4
13807,1,10
93842,1,10
N,1635,1,3,11
92831,1,3
4710,1,1
76003,1,9
51901,1,9
77315,1,8
46686,1,1
40597,1,8
16028,1,6
54935,1,2
93075,1,7
32482,1,5
P,1,3,283,825.56
N,2763,1,3,15
81322,1,1
1540,1,8
56551,1,6
95956,1,8
25755,1,4
14951,1,1
54755,1,6
77518,1,2
4032,1,4
48737,1,2
40662,1,4
13914,1,7
64127,1,9
2095,1,7
85443,1,4
N,2082,1,3,12
24294,1,7
44261,1,5
37733,1,4
89381,1,2
40679,1,6
89763,1,1
21223,1,5
11875,1,8
26122,1,10
16094,1,10
63319,1,10
40167,1,5
P,1,3,331,4151.29
N,2883,1,3,13
30178,1,8
22247,1,2
87771,1,7
23783,1,1
81542,1,5
22690,1,10
73413,1,9
10979,1,7
68647,1,8
73125,1,4
81638,1,6
13666,1,7
97253,1,3
N,2227,1,3,12
40677,1,2
54807,1,6
15590,1,9
48711,1,4
96463,1,6
81366,1,1
36504,1,5
54999,1,6
81478,1,7
62949,1,3
1699,1,7
54242,1,6
P,1,3,1235,2272.15
N,2738,1,3,5
85719,1,6
81190,1,1
66007,1,9
44592,1,10
10047,1,6
D,1,9
S,1,3,20,29
P,4,2,2815,2221.07
P,1,3,261,3348.36
N,2931,1,3,11
56377,1,1
35717,1,10
39762,1,5
64183,1,7
18655,1,5
37733,1,7
4149,1,8
44517,1,4
32158,1,2
96979,1,3
89763,1,8
P,1,3,2715,445.45
P,1,3,266,3671.51
N,1538,1,3,15
48223,1,10
5588,1,5
65119,1,7
81589,1,1
75352,1,9
1985,1,2
67153,1,8
89053,1,5
69219,1,7
38375,1,1
9927,1,1
57062,1,6
20179,1,1
30561,1,8
73443,1,10
P,1,3,19,3567.02
N,2306,1,3,14
24295,1,8
15949,1,6
63206,1,9
31431,1,10
11995,1,3
15847,1,8
49319,1,9
78567,1,6
9734,1,10
84575,1,3
28245,1,4
4087,1,10
86501,1,4
95130,1,1
N,73,1,3,11
3139,1,4
81637,1,1
89830,1,1
95430,1,10
63615,1,2
5891,1,3
32373,1,5
6087,1,10
31440,1,4
40334,1,7
32479,1,5
P,3,8,2299,558.16
N,2291,1,3,11
65238,1,5
42727,1,7
85454,1,8
85221,1,7
97735,1,8
73317,1,10
81497,1,8
5684,1,10
15682,1,5
94919,1,4
47195,1,10
P,1,3,2297,2723.17
O,1,3,1667
P,1,3,2243,3517.04
P,1,3,1731,808.34
N,899,1,3,5
24291,1,7
38613,1,9
5440,1,5
63647,1,7
30439,1,5
P,1,3,2251,262.88
N,1778,1,3,9
5668,1,10
31395,1,2
91813,1,5
50727,1,3
70215,1,4
39591,1,3
55779,1,4
72417,1,4
64645,1,9
N,1011,1,3,5
90849,1,4
81639,1,10
40319,1,6
95463,1,3
39772,1,9
P,1,3,11,2440.85
N,161,1,3,14
73403,1,6
97487,1,9
40671,1,8
24283,1,4
77023,1,7
34527,1,2
24255,1,10
73437,1,3
6181,1,1
44053,1,10
80967,1,2
64229,1,3
3454,1,3
61083,1,10
P,1,3,2302,2097.83
N,251,1,3,9
76990,1,6
69143,1,9
89511,1,9
15030,1,4
57049,1,1
15507,1,8
93667,1,9
55847,1,3
25284,1,6
P,1,3,187,470.88
P,1,3,1516,4469.24
P,1,3,995,1852.64
N,1281,1,3,6
48100,1,7
97757,1,10
70342,1,7
61667,1,10
48822,1,7
79079,1,4
D,1,9
P,1,3,2301,986.45
N,2973,1,3,10
28385,1,9
68619,1,5
73375,1,2
44700,1,10
31955,1,10
81255,1,8
47983,1,3
20129,1,6
38608,1,10
24292,1,10
P,1,3,1763,3844.0
N,263,1,3,15
46951,1,8
48870,1,4
46257,2,2
4165,1,4
32327,1,3
96807,1,10
46823,1,9
44765,1,9
48839,1,10
15023,1,7
15574,1,3
97277,1,10
27845,1,4
46774,1,4
80871,1,1
P,1,3,354,25.34
N,2931,1,3,15
60647,1,8
38630,1,3
36469,1,2
93780,1,4
3143,1,2
55631,1,4
63091,1,5
42687,1,2
19167,1,8
32450,1,8
76514,1,3
62683,1,3
8615,1,1
15843,1,8
40541,1,9
N,1205,1,3,5
21189,1,5
48358,1,8
40231,1,5
88238,1,8
40679,1,3
S,1,3,14,21
D,1,5
P,1,3,1635,3624.27
N,736,1,3,7
14805,1,8
38709,1,7
66231,1,8
38740,1,8
43746,1,2
46311,1,5
14945,1,10
N,1147,1,3,13
84132,1,5
32327,1,9
30358,1,1
6199,1,10
60643,1,3
12991,1,10
11087,1,8
98022,1,5
71327,1,7
67203,1,1
48614,1,8
98467,1,10
51582,1,5
P,1,3,2179,4428.25
S,1,3,17,45
N,195,1,3,7
56481,1,3
67231,1,9
5159,1,3
4159,1,8
56727,1,1
65177,1,5
44223,1,7
O,1,3,771
N,1267,1,3,12
25830,1,5
56786,1,8
79587,1,3
6215,1,5
81367,1,4
24287,1,8
56998,1,1
30946,1,7
6211,1,8
48573,1,10
23255,1,7
64591,1,10
P,6,5,2755,3833.98
O,1,3,2009
N,2141,1,3,5
40167,1,1
31207,1,6
27679,1,4
61158,1,2
89187,1,10
S,1,3,17,47
O,1,3,1539
P,4,5,1159,4586.41
P,1,3,259,4294.5
N,75,1,3,5
66276,1,5
55006,1,1
30914,1,1
53991,1,2
50918,1,3
P,1,3,1283,1479.98
P,1,3,2225,2506.29
P,1,3,1231,3060.43
N,243,1,3,11
11494,1,1
31717,1,5
65063,1,10
51926,1,10
81637,1,7
79311,1,4
32359,1,2
78439,1,3
78295,1,10
23271,1,10
89822,1,2
N,2663,1,3,8
72693,1,7
56994,1,2
7941,1,10
57039,1,10
81639,1,10
89175,1,10
6194,1,6
48096,1,7
P,1,3,747,3422.97
N,2027,1,3,13
12345,1,9
39511,1,7
81477,1,8
31348,1,5
22215,1,2
19799,1,9
55878,1,7
69199,1,1
14798,1,9
42467,1,7
88679,1,8
32453,1,7
48093,1,10
N,330,1,3,12
45155,1,10
26559,1,6
92902,1,1
81636,1,3
56034,1,8
78558,1,8
81127,1,9
96855,1,1
73318,1,3
95967,1,5
81383,1,5
23270,1,1
P,1,3,1104,3325.74
N,2819,1,3,10
65053,1,10
71015,1,2
40678,1,6
62500,1,2
62565,1,6
37555,1,2
35548,1,8
30083,1,4
97886,1,3
56521,1,2
D,1,6
N,2291,1,3,11
27869,1,7
61143,1,5
31847,1,2
92647,1,4
24293,1,9
24267,1,8
48863,1,3
54759,1,8
15827,1,9
95938,1,5
94403,1,3
N,1020,1,3,14
54713,1,4
48767,1,5
57003,1,3
38629,1,1
61153,1,2
20191,1,6
32318,1,2
73302,1,5
56550,1,1
40549,1,2
97943,1,8
11967,1,1
88231,1,3
40678,1,3
P,1,3,707,312.47
N,317,1,3,10
55390,1,9
87510,1,3
56998,1,10
12999,1,5
1855,1,4
89654,1,7
47224,1,2
23967,1,3
24083,1,8
12000,1,3
