N,2251,1,5,8
1603,1,5
93908,1,10
27351,1,4
73383,1,2
52967,1,10
71890,1,4
18085,1,2
38119,1,8
N,883,1,5,7
14975,1,10
97465,1,10
46369,1,7
78535,1,5
99495,1,7
74018,1,9
29765,1,3
P,4,1,2301,3511.85
P,2,2,1091,43.03
N,225,1,5,14
81543,1,8
6,1,1
48863,1,8
13015,1,2
35028,1,2
56807,1,4
32421,1,7
24295,1,4
14791,1,10
81511,1,10
29411,1,1
78309,1,7
62997,1,1
88243,1,2
N,578,1,5,9
6038,1,2
54503,1,8
46695,1,7
57057,1,10
73447,1,2
32355,1,10
77219,1,9
15815,1,9
24247,1,6
D,1,2
P,1,5,2275,4055.66
N,331,1,5,8
81511,1,3
81631,1,5
23379,1,2
35031,1,1
55905,1,10
97460,1,7
47643,1,9
98023,1,4
P,1,5,1731,4049.04
N,314,1,5,10
46775,1,3
6163,1,6
32487,1,2
40612,1,5
56781,1,3
85415,1,2
40487,1,3
97988,1,1
41697,1,8
81635,1,8
N,1985,1,5,11
35549,1,7
93551,1,2
6215,1,4
14139,1,5
81559,1,4
48731,1,6
68836,1,2
36577,1,1
56991,1,4
48408,1,9
23398,1,7
P,1,5,1089,1140.39
P,1,5,2306,3172.9
N,1219,1,5,13
16031,1,2
95460,1,10
5145,1,7
6191,1,6
54327,1,4
65247,1,4
39246,1,5
40677,1,6
44241,1,6
72127,1,6
54501,1,6
44243,1,10
36579,1,5
P,1,5,966,1632.38
D,1,7
P,1,5,104,1759.13
N,1603,1,5,8
89565,1,9
13885,1,2
43223,1,8
96742,1,5
76000,1,9
78951,1,1
48743,1,3
80604,1,6
N,330,1,5,10
95908,1,2
48751,1,9
97988,1,10
15975,1,2
97239,1,7
32463,1,8
89407,1,9
79580,1,10
55974,1,10
61919,1,3
N,1282,1,5,7
5959,1,8
95975,1,7
65703,1,8
58847,1,9
20709,1,4
83159,1,6
24295,1,1
N,739,1,5,7
58977,1,8
73108,1,4
38375,1,2
56455,1,1
76511,1,3
46752,1,4
64579,1,7
P,1,5,890,4397.3
N,2275,1,5,13
87190,1,3
84948,1,8
29119,1,10
77475,1,8
88763,1,7
32483,1,6
70983,1,5
15407,1,7
28115,1,6
77445,1,8
3781,1,7
81447,1,4
39651,1,6
N,2179,1,5,13
73309,1,2
11743,1,2
23635,1,7
43971,1,1
65127,1,10
56837,1,3
61159,1,7
85157,1,3
54438,1,6
35495,1,5
29875,1,7
80614,1,9
40659,1,5
O,1,5,250
P,7,9,73,2785.34
D,1,9
P,5,5,2818,1372.48
P,1,5,2659,1015.49
D,1,3
N,1387,1,5,15
48597,1,7
24205,1,4
48615,1,2
19431,1,3
68646,1,8
40546,1,9
62079,1,2
47715,1,3
81313,1,3
18087,1,9
24166,1,8
85095,1,7
70241,1,6
53159,1,9
81570,1,6
N,2213,1,5,8
96743,1,9
73377,1,5
76500,1,9
87255,1,4
32479,1,10
28230,1,3
89765,1,7
85199,1,10
O,1,5,203
P,1,5,688,4151.42
P,1,5,1155,2046.94
P,1,5,896,2006.46
N,2291,1,5,9
89152,1,5
31463,1,3
24294,1,1
18141,1,3
93861,1,5
89430,1,5
72320,1,5
47703,1,5
20071,1,3
O,1,5,2979
P,3,7,1027,308.27
S,1,5,11,32
P,1,5,136,1706.11
I,1,5,43
N,1410,1,5,5
21827,1,10
16063,1,10
40604,1,9
89822,1,4
35879,1,8
N,1707,1,5,10
24087,1,9
73189,1,8
81377,1,1
13410,1,5
63959,1,5
48487,1,1
65125,1,2
15645,1,3
32487,1,1
97887,1,9
N,2230,1,5,8
70731,1,9
16037,1,6
85732,1,8
54945,1,10
61151,1,7
44711,1,4
73319,1,3
32351,1,8
P,1,5,1251,42.78
P,4,1,2755,4615.82
N,1615,1,5,14
54758,1,1
64098,1,7
5683,1,6
40663,1,1
39627,1,3
71383,1,5
4919,1,10
64213,1,9
21191,1,1
31831,1,6
5958,1,5
26903,1,4
54,1,8
87111,1,1
P,2,4,2049,652.66
N,2813,1,5,11
16062,1,7
1347,1,4
73379,1,6
77336,1,7
77535,1,8
65210,1,4
70950,1,6
60823,1,9
24245,1,7
15551,1,7
73315,1,8
N,1219,1,5,9
23587,1,1
44190,1,5
15079,1,9
32087,1,9
89687,1,2
85171,1,10
48870,1,6
87131,1,4
48727,1,1
N,1251,1,5,12
91622,1,2
89694,1,6
9798,1,2
85703,1,2
70710,1,10
62786,1,5
96679,1,10
20196,1,1
64961,1,2
11750,1,2
53302,1,4
98915,1,4
N,2305,1,5,6
15623,1,4
40382,1,5
98005,1,3
18605,1,7
40149,1,3
5043,1,2
P,1,5,2785,2536.19
N,1983,1,5,11
24276,1,5
23779,1,2
54615,1,9
48351,1,9
48359,1,5
15745,1,8
80581,1,9
56611,1,1
86883,1,8
96996,1,4
20163,1,6
P,1,5,2302,2051.67
D,1,5
N,2583,1,5,14
24037,1,9
28647,1,10
15778,1,5
28115,1,6
5620,1,4
19943,1,1
63927,1,2
32231,1,1
40631,1,10
62935,1,8
85463,1,3
76995,1,4
32389,1,9
47581,1,7
N,458,1,5,7
55014,1,5
8199,1,4
14947,1,6
20167,1,1
40611,1,6
64961,1,6
38517,1,4
P,1,5,2285,323.52
P,3,10,1281,320.11
P,1,5,1283,875.64
O,1,5,328
N,1027,1,5,9
15398,1,7
73181,1,1
64850,1,7
43239,1,4
81638,1,10
24279,1,9
51684,1,1
43710,1,10
5142,1,3
P,3,2,1282,872.64
O,1,5,1209
O,1,5,1227
N,37,1,5,13
46672,1,6
81303,1,5
73443,1,5
41697,1,9
89039,1,7
62937,1,1
24007,1,1
96420,1,5
58016,1,9
31782,1,10
15583,1,10
46823,1,9
11620,1,10
N,2947,1,5,9
48835,1,4
14133,1,5
14951,1,7
73189,1,3
72909,1,7
63719,1,6
97919,1,1
72935,1,10
61125,1,8
N,1274,1,5,7
73380,1,6
83394,1,10
10311,1,1
81059,1,5
48855,1,10
30301,1,8
39767,1,8
N,1007,1,5,14
39890,1,8
4878,1,7
47559,1,10
11996,1,10
6198,1,2
73439,1,9
69317,1,4
29402,1,7
55519,1,6
73444,1,4
75462,1,1
68823,1,3
37863,1,7
96997,1,7
P,1,5,1919,3647.35
P,1,5,2435,322.78
N,803,1,5,6
63031,1,9
40438,1,5
54119,1,3
6185,1,4
6087,1,10
67527,1,1
P,1,5,771,4121.07
P,1,5,2303,1818.67
N,2819,1,5,12
32487,1,8
6135,1,1
80973,1,2
24291,1,4
65115,1,6
29925,1,4
54621,1,10
56039,1,4
63714,1,5
73439,1,5
16103,1,6
80453,1,1
D,1,6
N,2111,1,5,12
24295,1,3
97690,1,1
92871,1,7
69278,1,5
65125,1,4
25183,1,10
1927,1,5
32467,1,7
54967,1,6
94820,1,10
48843,1,2
38054,1,10
N,2307,1,5,14
75495,1,9
97677,1,6
89767,1,6
60711,1,4
35555,1,5
75092,1,5
84661,1,2
87271,1,5
56035,1,1
14055,1,3
97511,1,2
23781,1,8
72416,1,8
81124,1,6
N,2179,1,5,11
19679,1,3
44709,1,1
27807,1,5
16979,1,6
40486,1,2
80839,1,1
5702,1,7
11831,1,9
9702,1,9
12357,1,2
46951,1,3
P,6,10,2303,1687.84
N,331,1,5,8
20082,1,6
36367,1,3
15694,1,4
30929,1,2
60111,1,8
55799,1,6
40359,1,7
38885,1,3
D,1,1
N,1274,1,5,10
5677,1,9
44737,1,8
14685,1,1
84517,1,1
46823,1,9
67748,1,2
48868,1,9
62999,1,1
45509,1,10
1876,1,2
P,6,6,2035,3093.1
N,995,1,5,9
65245,1,6
77284,1,7
30951,1,1
47757,1,4
97803,1,3
71911,1,7
81127,1,8
80835,1,4
23718,1,8
P,1,5,619,3583.8
O,1,5,1437
P,1,5,2246,960.34
N,2255,1,5,9
58980,1,1
10727,1,8
79507,1,7
16087,1,7
5943,1,8
97379,1,9
94951,1,5
19138,1,6
40666,1,7
P,1,5,642,3201.28
P,1,5,1755,1315.92
N,1248,1,5,11
6178,1,7
2039,1,4
4632,1,8
65127,1,4
24295,1,6
39911,1,9
77285,1,6
14561,1,2
65110,1,6
14051,1,10
48871,1,5
P,1,5,2811,2745.05
P,1,5,235,1730.96
P,1,5,2147,829.05
S,1,5,15,48
N,2305,1,5,9
28381,1,7
23747,1,6
31847,1,2
53927,1,2
27863,1,10
38631,1,9
97894,1,3
46157,1,9
77350,1,10
N,1051,1,5,9
61047,1,6
54494,1,6
98002,1,3
47975,1,1
50558,1,4
48847,1,3
32416,1,6
12354,1,6
83655,1,4
N,2735,1,5,5
35926,1,6
32197,1,2
64973,1,2
65487,1,10
13895,1,10
P,5,7,2242,4983.62
N,1075,1,5,8
16983,1,3
2055,1,4
85689,1,8
87779,1,6
40343,1,9
11845,1,9
89749,1,6
62661,1,3
P,1,5,1090,722.72
P,4,10,283,1508.59
P,1,5,1026,2291.76
P,1,5,2529,1787.0
N,2221,1,5,13
63807,1,5
79587,1,5
95205,1,3
3581,1,4
56934,1,8
64989,1,5
56551,1,3
75495,1,8
54499,1,5
63711,1,1
81383,1,3
64991,1,10
46717,1,10
P,1,5,2171,110.88
P,1,5,330,4759.34
N,2026,1,5,10
97310,1,8
48612,1,6
64607,1,5
97975,1,1
56119,1,4
32466,1,5
15587,1,9
72550,1,7
56534,1,4
84915,1,10
P,1,5,768,3353.76
N,1795,1,5,7
85727,1,5
23765,1,5
56967,1,4
93491,1,10
16023,1,2
5125,1,8
64743,1,4
S,1,5,10,31
I,1,5,37
P,1,5,1026,2813.42
N,323,1,5,6
48871,1,6
26322,1,3
48568,1,1
32166,1,6
48645,1,2
48852,1,8
O,1,5,73
N,898,1,5,14
69805,1,3
5414,1,8
32463,1,7
6081,1,2
65253,1,3
94877,1,6
64487,1,10
40675,1,1
26299,1,2
88293,1,4
73063,1,4
88807,1,1
40509,1,2
15070,1,6
N,171,1,5,13
40471,1,1
85726,1,3
4025,1,7
66879,1,2
6167,1,2
56789,1,4
24263,1,7
39525,1,2
5878,1,7
16103,1,5
30599,1,10
22227,1,1
44515,1,2
N,1987,1,5,8
56997,1,10
5871,1,4
16031,1,7
24291,1,1
9831,1,4
62951,1,5
72881,1,9
11985,1,5
N,1243,1,5,9
48470,1,7
80595,1,5
79582,1,5
6207,1,7
97443,1,9
80103,1,3
80927,1,3
48485,1,4
24006,1,7
O,1,5,2811
P,1,5,2306,841.44
N,2858,1,5,11
94671,1,10
87523,1,10
48699,1,10
89775,1,9
15841,1,1
95447,1,5
40031,1,1
50654,1,7
48838,1,1
15047,1,2
57063,1,1
N,322,1,5,7
64870,1,5
13991,1,10
31333,1,6
62855,1,2
72114,1,2
48807,1,10
89795,1,1
N,315,1,5,14
81125,1,7
89315,1,1
92887,1,5
63142,1,10
73422,1,2
81499,1,1
12358,1,6
81315,1,4
59876,1,8
34470,1,4
48583,1,8
79079,1,1
10227,1,5
57061,1,7
P,1,5,313,1842.34
S,1,5,16,42
N,1257,1,5,9
38630,1,1
81096,1,3
1719,1,5
40594,1,7
87781,1,7
8055,1,10
64910,1,7
25317,1,2
97423,1,1
P,1,5,153,1724.57
P,1,5,243,3159.49
O,1,5,744
P,1,5,1262,4440.43
P,1,5,2225,2136.0
P,1,5,329,1990.98
N,1179,1,5,14
40263,1,6
98534,1,8
13975,1,9
56015,1,3
48838,1,5
98023,5,9
79815,1,7
87139,1,3
73443,1,2
57038,1,8
47781,1,10
79583,1,3
67197,1,9
55903,1,7
P,1,5,71,351.51
P,7,4,1279,95.49
S,1,5,10,24
N,995,1,5,14
46458,1,10
5695,1,8
57058,1,2
1086,1,10
2054,1,4
39651,1,6
56837,1,6
5959,1,6
5507,1,1
48359,1,8
97699,1,10
69095,1,10
47377,1,4
64223,1,3
N,1266,1,5,8
11591,1,4
58307,1,1
40663,1,8
97319,1,10
36583,1,2
24071,1,3
38557,1,9
72405,1,9
P,1,5,320,3559.27
N,25,1,5,12
57050,1,10
37939,1,3
48871,1,2
93381,1,8
6207,1,8
47431,1,8
30294,1,1
1970,1,9
99877,1,2
31719,1,10
54807,1,6
78567,1,5
N,1003,1,5,5
36559,1,10
23245,1,7
56793,1,10
56901,1,8
23510,1,10
P,3,4,2178,678.29
P,1,5,1281,4391.29
P,1,5,547,2160.65
N,2171,1,5,15
86724,1,3
15077,1,4
15633,1,6
81552,1,8
15454,1,9
50847,1,4
13671,1,6
85703,1,6
73447,1,1
96455,1,2
99751,1,3
48870,1,10
56575,1,5
63975,1,4
89277,1,5
P,1,5,759,3185.15
N,2617,1,5,15
48743,1,8
85701,6,1
5959,1,6
62135,1,5
43623,1,9
40154,1,6
64989,1,6
10820,1,9
48743,1,9
73117,1,1
63201,1,1
12151,1,4
57059,1,5
24280,1,5
23207,1,4
N,640,1,5,5
97959,1,4
48615,1,8
69461,1,2
68583,1,7
15758,1,6
P,1,5,1787,865.1
N,2243,1,5,13
6070,1,8
3909,1,4
31718,1,5
79719,1,5
39896,1,6
85735,1,6
72416,1,9
40245,1,4
57047,1,4
97380,1,1
10935,1,5
5695,1,5
76375,1,9
P,1,5,1195,1724.88
O,1,5,1043
P,1,5,2307,1824.52
P,1,5,2737,1337.55
N,2800,1,5,13
65247,1,6
45215,1,10
65246,1,5
80615,1,1
67263,1,1
12519,1,5
38232,1,7
30023,1,7
32358,1,6
33486,1,2
89541,1,5
32487,1,2
7983,1,4
O,1,5,139
D,1,2
N,738,1,5,13
89669,1,6
23006,1,3
97949,1,2
83637,1,6
19877,1,3
5680,1,9
48855,1,10
27216,1,1
81491,1,3
39609,1,1
78311,1,5
62783,1,10
20369,1,7
D,1,10
P,1,5,2275,1143.87
N,194,1,5,8
67286,1,2
81239,1,5
37606,1,1
79462,1,7
22935,1,4
64224,1,9
32455,1,2
39958,1,5
P,2,6,738,4522.66
P,1,5,331,1335.58
D,1,8
P,1,5,2306,4060.92
P,4,10,2812,186.47
P,1,5,2243,1281.67
N,511,1,5,14
28262,1,1
72805,1,3
48870,1,9
74583,1,8
31863,1,10
24294,1,3
40615,1,9
70615,1,4
39655,1,5
68327,1,3
48622,1,4
63967,1,9
47623,1,7
61063,1,5
N,2813,1,5,11
57029,1,2
55462,1,3
97479,1,6
65095,1,10
9287,6,10
60391,1,7
10979,1,1
73311,1,3
76408,1,5
64197,1,4
5572,1,4
N,1379,1,5,13
40599,1,1
11735,1,8
48421,1,5
28228,1,3
21979,1,6
88671,1,1
55006,1,4
1085,1,5
65228,1,10
70373,1,8
69317,1,9
97941,1,9
88783,1,6
N,331,1,5,10
15936,1,3
16050,1,9
16071,1,9
96663,1,10
89319,1,5
20179,1,7
36407,1,9
40367,1,9
10978,1,10
96479,1,3
N,2303,1,5,5
14107,1,9
27232,1,3
5438,1,3
97381,1,3
70575,1,9
P,1,5,2819,3296.92
N,73,1,5,7
32221,1,8
31975,1,5
56543,1,6
73094,1,5
30407,1,5
4135,1,4
46771,1,2
I,1,5,22
P,1,5,2305,816.71
N,263,1,5,12
85735,1,5
56132,1,4
23263,1,7
23254,1,10
81605,1,8
72291,1,10
4739,1,8
97623,1,1
48806,1,2
32477,1,7
14052,1,5
32470,1,1
N,49,1,5,13
23184,1,10
30439,1,3
64742,1,7
98022,1,1
56290,1,7
87519,1,3
78767,1,3
89687,1,8
32390,1,5
48647,1,5
76387,1,5
57959,1,10
79567,1,2
N,234,1,5,13
739,1,9
38559,1,1
15935,1,6
48615,1,5
80289,1,2
31710,1,10
40679,1,6
22357,1,8
40037,1,1
89307,1,5
60775,1,4
84551,1,1
30718,1,7
N,1761,1,5,12
60083,1,9
6079,1,3
64870,1,1
46743,1,4
84391,1,9
64706,1,1
64742,1,6
48739,1,2
90739,1,5
23269,1,3
5698,1,10
24007,1,4
P,1,5,1251,795.85
P,1,5,506,474.35
P,1,5,1179,2075.95
N,1264,1,5,6
47590,1,4
79077,1,4
14051,1,8
5573,1,7
48726,1,6
45767,1,6
S,1,5,13,39
P,1,5,963,2168.02
P,1,5,320,3972.37
N,2291,1,5,11
57061,1,10
63719,1,1
48831,1,8
89255,1,5
38041,1,4
73254,1,10
32486,1,2
22951,1,2
23014,1,6
59683,1,1
79843,1,10
I,1,5,35
N,2750,1,5,11
14782,1,5
55723,1,8
15551,1,5
3493,1,9
73235,1,7
48613,1,6
15879,1,7
23781,1,8
26311,1,4
37447,1,9
28326,1,5
P,1,5,2012,1391.13
D,1,6
S,1,5,13,44
P,1,5,2285,3201.63
S,1,5,17,28
N,243,1,5,5
23271,1,9
13219,1,7
67287,1,8
32215,1,3
87602,1,6
I,1,5,31
N,2307,1,5,9
38625,1,10
48865,1,3
28199,1,1
77823,1,3
76847,1,1
24253,1,9
84871,1,1
72255,1,9
55982,1,4
O,1,5,7
P,8,8,1275,1110.06
P,1,5,479,825.51
P,1,5,661,4392.81
P,1,5,2557,694.62
N,1438,1,5,8
24279,1,3
46695,1,5
46599,1,5
89823,1,6
57063,1,3
79040,1,6
1791,1,6
64615,1,4
N,168,1,5,9
57047,1,9
40477,1,5
82535,1,3
97434,1,2
40165,1,7
32483,1,5
64743,1,7
55959,1,2
27812,1,9
P,1,5,1027,658.01
P,1,5,607,641.92
N,766,1,5,9
65186,1,5
69311,1,10
81631,1,3
5493,1,3
22087,1,3
56795,1,3
72883,1,2
74575,1,7
31975,1,5
P,1,5,1283,3090.41
S,1,5,10,32
N,755,1,5,12
98019,1,2
40418,1,4
64710,1,8
16099,1,8
68,1,8
16071,1,6
38546,1,8
95911,1,3
99910,1,2
26847,1,5
76007,1,9
57038,1,9
N,1211,1,5,14
70359,1,6
32487,1,5
40551,1,9
97923,1,9
81316,1,8
18407,1,8
96659,1,1
71343,1,5
89699,1,10
65247,1,6
93893,1,8
82662,1,8
29903,1,4
64615,1,5
P,1,5,51,4252.65
P,1,5,2547,4185.3
N,6,1,5,5
5044,1,10
84039,1,4
95941,1,6
72907,1,3
14055,1,3
N,299,1,5,9
50878,1,9
48551,1,5
84611,1,7
15581,1,10
56398,1,3
81617,1,8
35958,1,6
95462,1,4
6015,1,2
N,2291,1,5,5
64663,1,4
4127,1,2
65126,1,9
97622,1,2
32147,1,1
N,1203,1,5,9
23781,1,1
63109,1,7
81609,1,4
64225,1,9
48325,1,4
89830,1,6
71615,1,1
97886,1,10
56774,1,3
D,1,5
D,1,9
N,1217,1,5,10
6197,1,9
46660,1,8
58978,1,8
86719,1,1
11751,1,10
39527,1,9
77029,1,5
38459,1,4
24199,1,1
24295,1,9
P,1,5,2267,3258.46
N,2306,1,5,6
73415,1,1
64931,1,2
65247,1,4
55254,1,4
23901,1,4
20903,1,6
