N,2659,1,6,10
5959,1,7
3895,1,1
10311,1,1
839,1,8
14045,1,7
5959,1,7
11974,1,2
89695,1,9
95202,1,4
62688,1,7
N,1999,1,6,14
73375,1,10
24039,1,2
89831,1,7
91833,1,10
37858,1,2
13030,1,7
97879,1,9
38586,1,10
18775,1,6
32323,1,1
65241,1,10
32484,1,8
9255,1,5
59106,1,8
D,1,5
N,2303,1,6,12
98018,1,8
19327,1,2
67262,1,8
69351,1,8
3134,1,3
47831,1,8
81511,1,9
20191,1,8
24185,1,6
54310,1,9
92900,1,5
22630,1,8
N,57,1,6,5
36363,1,10
47703,1,7
77159,1,4
5181,1,8
72295,1,2
P,1,6,757,2009.49
O,1,6,1137
P,1,6,1026,4664.81
S,1,6,17,42
N,39,1,6,14
22183,1,4
30070,1,8
96869,1,1
48359,1,1
81463,1,5
79075,1,6
65250,1,3
71357,1,2
59845,1,7
72423,1,3
56039,1,5
73441,1,9
97495,1,10
97879,1,8
P,1,6,2289,2012.5
P,1,6,1211,108.08
N,1273,1,6,9
88871,1,5
26230,1,5
73415,1,10
6159,1,7
55014,1,4
92837,1,10
20149,1,9
71398,1,7
23743,1,7
N,2299,1,6,12
97895,1,7
87399,1,5
89828,1,6
63,1,10
98004,1,2
39589,1,5
97767,1,8
2707,1,4
42967,1,7
36199,1,2
47735,1,1
4151,1,7
P,1,6,1011,2159.19
O,1,6,160
N,138,1,6,13
73431,1,7
24263,1,1
16007,1,4
40117,1,6
54755,1,5
30409,1,3
54939,1,6
40466,1,5
6077,1,4
23687,1,6
81639,1,2
94311,1,9
1509,1,10
P,1,6,2783,2042.26
N,1763,1,6,11
43751,1,10
31383,1,5
97828,1,9
32358,1,6
81119,1,5
95431,1,5
84559,1,7
96692,1,9
44839,1,4
5939,1,3
21924,1,4
N,1211,1,6,10
70831,1,6
60899,1,5
55919,1,1
47845,1,5
36775,1,9
48834,1,10
24023,1,5
97831,1,1
22045,1,3
36021,1,6
P,1,6,2173,1376.6
N,221,1,6,11
95975,1,5
11941,1,8
81639,1,10
22499,1,6
46909,1,6
23687,1,2
31335,1,9
5191,1,5
53415,1,3
61084,1,1
63237,1,1
N,2850,1,6,14
31678,1,8
47847,1,6
16015,1,8
48239,1,2
23237,1,3
52891,1,6
46047,1,8
55455,1,5
32199,1,8
57043,1,7
32478,1,9
57063,1,5
89047,1,10
66111,1,5
P,1,6,736,779.4
P,4,4,995,3208.86
P,1,6,1618,1193.06
D,1,5
N,2001,1,6,8
24870,1,3
40635,1,6
32430,1,2
63830,1,8
56249,1,10
77537,1,2
3966,1,6
48849,1,6
P,1,6,1027,2274.38
N,1474,1,6,12
45670,1,1
80743,1,2
87270,1,1
81093,1,4
31121,1,8
72911,1,6
28341,1,2
4165,1,4
1319,1,6
24117,1,7
16055,1,1
27759,1,4
P,1,6,987,1982.1
P,1,6,2307,3016.52
N,1275,1,6,13
15575,1,2
22742,1,3
63718,1,6
97120,1,3
76495,1,3
97873,1,10
10845,1,6
48711,1,6
71319,1,6
65245,1,3
89031,1,6
20065,1,7
4151,1,1
N,1152,1,6,14
24295,1,8
81535,1,1
27271,1,6
30087,1,8
4769,1,8
31959,1,10
56375,1,9
66006,1,8
62369,1,10
8199,1,2
5159,1,3
36149,1,3
6213,1,8
32435,1,4
N,510,1,6,11
32451,1,2
99519,1,9
89831,1,7
89558,1,7
57045,1,6
44519,1,7
15203,1,10
5959,1,6
89285,1,3
99923,1,8
10343,1,1
N,1959,1,6,8
10902,1,2
81571,1,4
52375,1,6
94694,1,9
5694,1,5
99046,1,9
96997,1,8
70354,1,7
N,1025,1,6,13
37671,1,5
29903,1,6
40135,1,9
52895,1,7
1079,1,10
36580,1,3
22755,1,4
24193,1,4
84059,1,1
26085,1,9
96900,1,5
35939,1,10
14052,1,7
N,2014,1,6,13
31647,1,6
64011,1,6
6069,1,5
73319,1,10
48743,1,9
89063,1,7
75479,1,7
73447,1,7
87038,1,2
64151,1,6
4291,1,3
48842,1,7
91835,1,8
N,1793,1,6,11
65246,1,9
55982,1,4
56502,1,4
13879,1,3
65030,1,6
72423,1,8
24294,1,1
57052,1,5
73184,5,5
16103,1,1
38291,1,7
P,1,6,279,4364.39
P,1,6,194,2018.61
P,1,6,2281,3733.69
S,1,6,18,29
I,1,6,46
P,1,6,1281,450.42
P,1,6,2025,3582.46
S,1,6,13,29
N,1999,1,6,8
89831,1,1
38631,1,4
81573,1,4
76861,1,5
89399,1,2
38471,1,3
39623,1,9
43479,1,4
P,2,7,1271,303.56
N,1283,1,6,8
56987,1,5
87717,1,4
73443,1,5
68039,1,2
60899,1,7
31183,1,2
2707,1,7
65255,1,8
N,2179,1,6,5
32218,1,1
12103,1,6
61141,1,4
98005,1,10
38551,1,9
N,2028,1,6,11
55271,1,4
62777,1,7
73445,1,1
22598,1,4
61061,1,9
81559,1,3
48326,1,10
60967,1,1
39011,1,6
54911,1,10
72419,1,5
I,1,6,38
P,1,6,867,4020.93
N,2043,1,6,5
97763,1,9
81623,1,2
97983,1,7
48223,1,1
22020,1,9
I,1,6,48
N,758,1,6,15
91685,1,1
5699,1,9
30081,1,6
72003,1,1
43597,1,7
23015,1,8
20957,1,10
8663,1,10
21555,1,1
64743,1,8
54983,1,7
28159,1,6
48761,1,9
2433,1,2
24253,1,2
N,331,1,6,8
53729,1,5
23477,1,2
34534,1,3
89767,1,3
40547,1,2
95958,1,8
56037,1,6
93559,1,2
P,1,6,2239,3268.15
P,1,6,11,2148.95
P,1,6,2307,3112.2
P,1,6,2050,1756.19
N,2051,1,6,7
84192,1,6
89249,1,2
41331,1,8
26109,1,8
16055,1,6
2627,1,6
60632,1,9
P,1,6,2179,3939.41
P,1,6,1211,947.55
N,1019,1,6,13
8845,1,9
69285,1,3
46221,1,1
40679,1,1
2407,1,2
48823,1,4
74855,1,1
30563,1,9
70342,1,10
48430,1,5
76708,1,9
11325,1,10
45638,1,4
N,227,1,6,11
2359,1,5
54731,1,10
14807,1,6
56915,1,3
31750,1,7
89563,1,2
6182,1,1
38021,1,8
11999,1,4
89698,1,2
24227,1,7
P,1,6,1155,1506.42
P,1,6,2433,2460.0
P,1,6,891,268.14
P,1,6,2371,1295.03
P,1,6,940,1941.17
N,299,1,6,7
32071,1,7
97511,1,4
30118,1,7
36043,1,9
72423,1,10
64887,1,7
4167,1,4
N,1270,1,6,14
50391,1,8
48607,1,8
20133,1,4
6198,1,10
63199,1,2
88619,1,9
19939,1,3
83675,1,4
72421,1,8
48807,7,7
64999,1,10
22239,1,3
87655,1,7
2087,1,1
P,1,6,991,2099.36
P,1,6,1484,1883.23
N,1283,1,6,7
19812,1,9
6014,1,1
40069,1,10
81634,1,1
30308,1,1
89027,1,10
15591,1,7
P,1,6,1091,3849.62
N,2241,1,6,12
36543,1,7
14519,1,7
71246,1,8
1551,1,7
48198,1,2
23910,1,6
79588,1,2
1686,1,10
39895,1,1
32487,1,4
40587,1,2
99331,1,5
P,1,6,329,3344.16
N,1859,1,6,13
11335,1,5
81379,1,2
19911,1,9
1594,1,7
1718,1,1
30422,1,9
2095,1,8
52959,1,6
89222,1,5
1603,1,3
43459,1,8
57061,1,5
81639,1,7
O,1,6,249
S,1,6,17,37
N,1015,1,6,12
63582,1,4
97511,1,2
37531,1,1
22567,1,3
57059,1,10
25991,1,6
95415,1,1
13453,1,10
65246,1,1
73446,1,4
15975,1,4
18326,1,10
P,1,6,767,1220.42
N,1251,1,6,6
70486,1,8
52063,1,10
60864,1,9
40643,1,3
69134,1,4
40391,1,10
P,1,6,202,1148.72
P,1,6,73,466.94
N,1904,1,6,6
21043,1,9
43686,1,4
56533,1,7
28372,1,1
32485,1,5
69047,1,1
N,311,1,6,10
23782,1,4
69989,1,8
55943,1,4
93671,1,10
75303,1,7
3813,1,10
31843,1,1
23783,1,7
24146,1,4
81638,1,5
N,2210,1,6,8
48807,1,1
53943,1,4
56030,1,7
47589,1,1
56995,1,5
78247,1,4
48867,1,10
30951,1,1
N,1219,1,6,11
24039,1,5
70675,1,10
81607,1,6
62819,1,2
23739,1,6
24121,1,10
40083,1,2
22933,1,4
40085,1,3
75254,1,4
79075,1,6
N,203,1,6,9
23623,1,8
61030,1,5
79799,1,4
50301,1,2
35909,1,10
85731,1,6
5939,1,7
84543,1,2
19607,1,3
N,1267,1,6,14
41175,1,1
79283,1,1
31718,1,9
64229,1,2
65053,1,9
10833,1,1
76493,1,9
56999,1,2
6207,1,4
23125,1,9
2111,1,5
79587,1,1
40071,1,9
63,1,8
N,200,1,6,7
76231,1,9
57046,1,10
60863,1,1
44708,1,10
32394,1,10
56935,1,9
44920,1,9
P,1,6,2293,513.41
N,2275,1,6,14
60903,1,9
36302,1,10
80605,1,3
40542,2,3
84727,1,1
56535,1,10
46790,1,4
71271,1,5
5618,1,7
28255,1,7
81639,1,1
57063,1,10
30423,1,4
81546,1,3
P,1,6,2560,2292.81
S,1,6,19,22
D,1,8
N,2303,1,6,13
32095,1,4
85479,1,1
68791,1,8
22247,1,8
72317,1,10
89260,1,10
61135,1,10
7937,1,2
98023,1,6
16079,1,2
40675,1,8
28374,8,5
73411,1,1
P,1,6,251,2194.92
O,1,6,265
P,1,6,2562,2133.41
N,2113,1,6,5
32289,1,4
44263,1,1
77509,1,3
24163,1,7
22247,1,6
S,1,6,11,43
N,1189,1,6,14
85605,1,1
68967,1,1
71878,1,7
16098,1,2
54359,1,9
4053,1,4
3143,1,6
47367,1,8
89667,1,4
73447,1,1
19431,1,9
81575,1,2
54501,1,3
97895,1,6
P,1,6,2682,2023.79
I,1,6,33
N,1243,1,6,14
68325,1,3
97883,1,6
31186,1,9
97253,1,9
65148,1,7
94946,1,10
42653,1,3
89397,1,10
24277,1,5
97767,1,8
95683,1,7
55981,1,7
52965,1,10
15943,1,3
N,611,1,6,12
94789,1,9
89829,1,6
22183,1,4
76399,1,10
14055,1,1
78435,1,5
73447,1,6
38367,1,1
97763,1,2
46247,1,6
80095,1,10
88261,1,4
P,1,6,154,1193.19
N,2817,1,6,8
52769,1,3
85727,1,10
81631,2,9
20199,1,10
40634,1,8
23995,1,10
65255,1,6
38598,1,1
P,1,6,1794,323.03
P,5,5,265,4484.94
P,1,6,2305,564.33
N,2307,1,6,12
69351,1,1
1543,1,8
81623,1,7
71463,1,3
47813,1,8
88551,1,8
23007,1,1
36569,1,6
85683,1,3
81575,1,5
62532,1,7
53405,1,2
N,2179,1,6,5
46599,1,4
81575,1,2
22091,1,7
47847,1,9
89675,1,2
D,1,2
N,267,1,6,14
48830,1,2
28391,1,1
65249,1,2
47842,1,4
31947,1,1
40679,1,4
45799,1,7
23975,1,4
15327,1,2
81639,1,1
89507,1,2
47719,1,8
81342,1,2
2119,1,4
P,1,6,299,4563.62
P,1,6,1278,3406.68
O,1,6,169
P,8,5,2818,4605.39
N,73,1,6,8
46306,1,5
15079,1,5
97837,1,5
48611,1,7
14942,1,1
69189,1,1
19397,1,10
39619,1,4
N,2242,1,6,10
15522,1,2
57061,1,5
85694,1,2
79070,1,6
16035,1,4
98021,1,2
99446,1,8
84711,1,8
16102,1,2
31439,1,1
N,101,1,6,7
64999,1,6
72422,1,8
40231,1,5
65142,1,10
48870,1,8
89814,1,8
81619,1,3
N,1879,1,6,12
36061,1,4
27079,1,6
14947,1,1
24290,1,10
79519,1,3
36575,1,7
18149,1,9
39971,1,5
76359,1,9
10277,1,10
73435,1,4
38492,1,2
P,1,6,1970,902.22
I,1,6,39
N,771,1,6,13
89830,1,7
70844,1,9
97501,5,10
86502,1,10
95663,1,7
81107,1,5
36575,1,4
23783,1,5
96830,1,2
39655,1,1
23751,1,2
24935,1,4
24181,1,7
N,1264,1,6,5
95847,1,7
19047,1,6
34516,1,4
5747,1,2
75493,1,5
P,1,6,1935,3194.27
P,1,6,2494,1759.19
N,322,1,6,15
88982,1,4
54437,1,7
10223,1,4
48867,1,8
32214,1,10
3870,1,3
2624,1,1
56723,1,1
87746,1,1
32295,1,2
28129,1,10
35991,1,10
31447,1,7
71333,1,7
96866,1,3
O,1,6,2209
N,2755,1,6,6
98023,1,3
95171,1,10
80927,1,5
38629,1,1
72167,1,3
69319,1,7
N,755,1,6,13
14755,1,7
15326,1,9
88167,1,4
3953,1,9
52933,1,4
48711,1,1
59623,1,7
73159,1,9
32486,1,6
61159,1,4
36447,1,7
39750,1,3
96470,1,4
N,2947,1,6,15
14055,1,2
65177,1,5
12007,1,8
20133,1,10
38613,1,7
95975,1,6
60059,1,4
89666,1,7
15333,1,10
12007,1,1
2485,1,7
97975,1,5
15907,1,9
85958,1,3
48101,1,10
N,2754,1,6,8
64917,1,7
15079,1,9
57063,1,9
48063,1,3
14273,1,8
52933,1,9
86629,1,8
11407,1,9
I,1,6,48
P,1,6,259,2902.09
N,767,1,6,15
48804,1,7
80413,1,2
44255,1,1
11815,1,8
93715,1,7
89764,1,1
98021,1,5
72807,2,9
82647,1,7
15847,1,7
28131,1,4
44613,1,9
28319,1,4
5655,1,6
93927,1,1
N,203,1,6,15
11489,1,10
56281,1,6
78566,1,4
23365,1,4
85479,1,2
10311,1,5
18915,1,5
40602,1,2
20135,1,10
40549,1,6
11991,1,6
29409,1,2
95911,1,10
15591,1,3
56031,1,4
P,1,6,1151,1731.12
N,11,1,6,5
10327,1,1
19031,1,3
27327,1,9
97803,1,3
95911,1,1
N,2713,1,6,13
3867,1,7
21403,1,8
16102,1,5
32431,1,6
27296,1,8
97977,1,2
52834,1,6
89697,1,4
96995,1,8
82247,1,1
48097,1,1
24290,1,2
97091,1,5
P,1,6,2657,3663.57
N,107,1,6,6
47703,1,9
20199,1,2
38246,1,4
46804,1,7
88771,1,9
69349,1,7
P,1,6,59,4935.3
D,1,3
P,1,6,285,2366.51
P,1,6,1283,2478.32
S,1,6,11,31
P,1,6,1283,1974.29
N,2302,1,6,15
23103,1,8
40605,1,1
63902,1,10
13543,1,10
44231,1,4
81040,1,6
97691,1,9
24183,1,3
85708,1,7
20199,1,3
72935,1,8
40579,1,1
97847,1,3
97383,1,9
3591,1,4
S,1,6,10,30
N,1251,1,6,15
74407,1,8
85669,1,3
36255,1,4
97703,1,8
74839,1,7
15539,1,3
44642,1,3
39527,1,3
85725,1,8
52415,1,5
15719,1,3
6195,1,9
65255,1,8
87743,1,7
55622,1,8
N,2851,1,6,7
97887,1,1
48871,1,9
92903,1,1
80614,1,3
36327,1,3
96551,1,6
57019,7,5
P,1,6,1090,2454.19
P,1,6,2307,4079.48
P,1,6,1281,4986.74
N,1267,1,6,8
98007,1,2
29535,1,5
56385,1,10
32485,1,9
22695,1,3
20191,1,6
95463,1,1
5159,8,10
P,1,6,315,4879.22
P,6,3,974,3025.06
P,1,6,203,3361.74
P,1,6,1687,1193.2
P,1,6,1027,2931.46
P,1,6,1283,3101.83
N,1665,1,6,15
89571,1,5
3878,1,8
49381,1,10
32487,1,8
23735,1,6
81246,1,4
44519,1,10
85583,1,1
6214,1,9
21085,1,5
38566,1,5
44510,1,3
71767,1,6
81379,1,3
11896,1,9
P,3,5,2274,1008.17
N,2843,1,6,10
31270,1,1
63203,1,9
64825,1,8
81629,1,8
5933,1,5
5957,1,7
80857,1,8
48871,1,7
20639,1,5
88679,1,4
P,1,6,1263,2053.81
N,710,1,6,15
14038,1,2
55774,1,7
53831,1,1
47659,1,3
47815,1,2
89573,1,5
15909,1,8
73319,1,6
31463,1,3
79463,1,5
3895,1,7
38625,1,3
28215,1,4
15973,1,3
95957,1,10
P,1,6,1283,3393.48
P,3,5,315,1376.49
I,1,6,35
N,121,1,6,12
47812,1,10
99715,1,6
81459,1,7
24003,1,10
27733,1,7
13831,1,8
8769,1,2
44773,1,9
65231,1,5
81111,1,2
17115,1,3
50087,1,10
I,1,6,43
S,1,6,19,47
N,1283,1,6,7
44762,1,4
31461,1,3
47847,1,6
46515,1,9
38309,1,9
11969,1,9
69729,1,5
I,1,6,49
P,1,6,1187,3362.14
P,1,6,2808,2252.09
P,1,6,1715,3180.48
N,610,1,6,15
40275,1,1
32477,1,6
89183,1,8
52959,1,4
89822,1,8
71717,1,1
95926,1,7
23199,1,1
79165,1,7
59845,1,7
53,1,3
15775,1,3
65231,1,4
20070,1,3
48743,1,6
S,1,6,17,21
P,2,2,138,2142.61
P,8,1,2051,2773.85
N,310,1,6,9
28131,1,1
2087,1,10
66743,1,3
40157,1,6
60622,1,4
87239,1,4
29159,1,3
95903,1,10
36535,1,9
N,227,1,6,10
88539,1,1
79519,1,10
20113,1,9
44775,1,1
64967,1,3
24275,1,5
77029,1,7
42591,1,1
95916,1,9
89788,1,1
N,2809,1,6,8
48865,1,6
65925,1,6
89059,1,6
75111,1,3
55975,1,8
80615,1,10
57031,1,3
64227,1,7
N,1983,1,6,5
32487,1,4
9950,1,4
14628,5,7
88295,1,9
81620,1,2
O,1,6,329
D,1,1
P,1,6,1809,4496.44
P,1,6,51,1778.38
N,2042,1,6,10
65157,1,5
5958,1,8
52421,1,6
73399,1,8
5895,1,7
58844,1,4
79141,1,1
72323,1,1
40533,1,6
74444,1,5
O,1,6,2235
N,2274,1,6,12
98015,1,10
15331,1,2
5447,1,1
89057,1,1
65238,1,7
40289,1,1
94951,1,8
11270,1,10
31968,1,1
31907,1,4
39527,1,10
81246,1,1
N,2155,1,6,15
89701,1,2
3841,1,5
9715,1,2
38422,1,5
26339,1,5
89732,1,4
34550,1,4
5623,1,4
15998,1,8
77251,1,5
54503,1,1
98022,1,9
40374,1,1
3637,1,1
40671,1,9
N,2717,1,6,9
56799,5,2
5159,1,6
22247,1,6
48039,1,8
37989,1,1
89312,1,8
24290,1,10
10791,1,4
79034,1,9
P,7,8,2801,934.08
N,2267,1,6,6
55996,1,5
64735,1,8
73439,1,2
57809,1,7
32485,1,6
57002,1,3
O,1,6,1465
N,2937,1,6,10
77987,1,5
72662,1,5
89729,1,3
89311,1,1
30439,1,1
85222,1,9
32279,1,3
56678,1,7
32468,1,1
60902,1,7
O,1,6,2303
P,1,6,365,2310.62
N,1682,1,6,15
56862,1,6
85722,1,9
34302,1,9
98020,1,1
61031,1,5
89831,1,4
40615,1,8
89279,1,1
3063,1,10
27815,1,9
73207,1,10
47847,1,7
76999,1,9
40087,1,3
56923,1,4
N,1251,1,6,6
89379,1,4
72161,1,1
19295,1,3
54495,1,10
84035,1,8
80551,1,7
N,2435,1,6,11
89687,1,6
57042,1,4
64951,1,2
85043,1,3
4039,1,2
47655,1,5
23015,1,9
61018,1,2
39319,1,6
5995,1,10
40143,1,5
P,1,6,1921,37.84
P,1,6,1729,38.87
I,1,6,25
P,5,9,201,1439.92
N,2671,1,6,13
48807,1,9
56501,1,8
49861,1,8
6213,1,6
68965,1,9
15429,1,9
80606,1,10
34021,1,9
96997,1,5
45542,1,1
48795,1,2
37063,1,5
89675,1,5
N,26,1,6,8
61011,1,2
22607,1,2
19143,1,6
40535,1,8
73415,1,5
13791,1,9
55878,1,6
71335,1,5
P,6,2,2993,3618.7
N,575,1,6,8
56903,1,8
4149,1,1
57223,1,6
65171,1,7
14951,1,2
18023,1,6
16087,1,2
24231,1,7
O,1,6,2097
P,1,6,255,3076.15
N,1091,1,6,14
89767,1,8
23253,1,8
81559,1,9
93767,1,8
73447,1,6
55907,1,8
11716,1,1
9731,1,4
95905,1,1
16095,1,5
65121,1,4
68491,1,5
5182,1,7
89813,1,10
P,1,6,2115,1792.83
N,154,1,6,9
80805,1,7
77282,1,1
40677,1,5
32231,1,3
73099,1,9
54867,1,1
40665,1,4
5179,1,5
38631,1,4
P,1,6,385,2906.47
