P,1,7,2307,4564.6
N,2114,1,7,6
23735,1,8
27847,1,2
39374,1,5
1523,1,1
9270,1,4
24135,1,3
P,1,7,298,1702.03
N,2239,1,7,6
48679,1,10
65063,1,1
30431,1,2
54755,1,5
77797,1,9
44259,1,4
N,225,1,7,12
48677,1,5
97756,1,7
50759,1,1
76135,1,10
48259,1,5
64923,1,8
73155,1,3
199,1,1
81233,1,6
59620,1,6
50838,1,2
87783,1,4
P,1,7,2307,4774.99
N,994,1,7,9
84543,1,3
23899,1,1
61149,1,4
70821,1,10
68907,1,10
71367,1,6
5830,1,2
89701,1,3
16095,1,4
N,947,1,7,9
14613,1,1
84695,1,6
6151,1,6
79330,1,9
67008,1,9
3143,1,1
20057,1,3
94375,1,3
15043,1,8
P,7,3,1790,3671.77
I,1,7,24
P,1,7,1949,3752.43
O,1,7,258
P,1,7,1011,3080.95
N,298,1,7,9
22759,1,10
97979,1,3
56854,1,7
55823,1,8
35477,1,9
93759,1,3
15078,1,2
97251,1,7
37335,1,10
N,2946,1,7,13
89573,1,3
83575,1,9
22197,5,3
81246,1,1
15079,1,7
15498,1,10
55011,1,1
20192,1,2
43997,1,6
72083,1,8
40533,1,3
40550,1,2
12710,1,3
P,4,4,1279,4753.13
N,1262,1,7,10
81637,1,3
16039,1,2
79588,1,9
23269,1,9
81623,1,10
29269,1,10
44242,1,9
68711,1,10
81370,1,10
62928,1,8
P,1,7,762,637.18
N,1747,1,7,14
67303,1,9
97946,1,5
32153,1,6
87748,1,2
24263,1,8
71127,1,5
61079,1,4
31077,1,4
54823,1,8
93863,1,4
48673,1,3
12637,1,1
3903,1,1
73319,1,5
N,1275,1,7,13
61315,1,3
2118,1,5
27611,1,6
64071,1,3
48759,1,4
88919,1,10
31527,1,1
5061,1,8
24263,1,9
97761,1,1
73179,1,2
5009,1,9
22179,1,10
N,1159,1,7,12
21926,1,9
85206,1,10
73375,1,10
56542,1,7
32415,1,5
11970,1,8
5885,1,3
96483,1,8
89309,1,9
46634,1,4
38487,1,8
48159,1,7
N,139,1,7,12
38246,1,3
22979,1,7
21222,1,4
94917,1,8
16103,1,1
43735,1,6
48795,1,8
27526,1,6
79396,1,1
27031,1,5
48853,1,2
55495,1,2
N,319,1,7,12
16055,1,6
93703,1,1
24231,1,6
88679,1,9
40387,1,10
52949,1,7
55014,1,7
10983,1,7
97510,1,9
70367,1,7
5114,1,4
32421,1,6
P,1,7,2275,1360.52
P,8,7,1783,1703.83
D,1,4
D,1,7
D,1,4
N,169,1,7,13
24739,1,9
63143,1,10
97959,1,4
52835,1,5
5950,1,7
31377,1,4
89190,1,8
42183,1,3
40167,1,1
23204,1,3
24151,1,9
370,1,9
44759,1,4
N,2046,1,7,8
23199,1,10
56899,1,1
83667,1,3
89303,1,10
8006,1,9
97943,1,7
27697,1,8
56983,1,1
P,1,7,451,3576.51
N,198,1,7,13
90651,1,2
93719,1,5
97638,1,3
16101,1,7
65031,1,5
54596,1,2
48859,1,1
76983,1,5
11939,1,8
32420,1,5
40007,1,3
9958,1,9
1783,1,6
N,1186,1,7,5
65106,1,6
28351,1,10
96742,1,2
40663,1,7
30307,1,9
N,1475,1,7,10
48861,1,2
48327,1,10
11683,1,8
85443,1,9
89542,1,6
36575,1,7
92853,1,3
69095,1,3
37603,1,10
47060,1,7
P,7,4,320,2199.85
N,1099,1,7,8
2341,1,9
5555,1,4
24231,1,8
38455,1,6
23374,1,9
10971,1,8
77445,1,9
14681,1,4
N,1211,1,7,11
6214,1,3
39655,1,10
40422,1,2
73253,1,5
23329,1,5
14026,1,1
49729,1,8
22211,1,7
31463,1,3
19086,1,10
47591,1,5
P,1,7,1218,1591.2
P,1,7,2307,851.83
P,1,7,2953,2589.88
D,1,2
N,1015,1,7,8
89183,1,5
97991,1,9
9729,1,2
4910,1,8
52646,1,10
97511,1,3
9791,1,6
36446,1,7
P,1,7,320,2584.15
N,731,1,7,7
31809,1,5
20199,1,6
88773,1,3
89318,1,9
8184,1,3
76407,1,10
5958,1,7
P,1,7,117,674.48
N,1747,1,7,7
1527,1,6
69015,1,9
69092,1,3
13927,1,10
69015,1,1
23934,1,3
73438,1,5
N,2297,1,7,11
16103,1,2
32486,1,4
32165,1,3
89695,1,4
38628,1,10
3973,1,9
40497,1,10
32429,1,8
24287,1,5
87783,1,6
39647,1,3
N,2306,1,7,13
81376,1,4
89479,1,10
46759,1,2
71321,1,2
35685,1,8
40455,1,2
74981,1,2
65212,1,5
3927,1,6
5959,1,1
14999,1,6
9945,1,4
65127,1,4
N,2307,1,7,12
64226,1,7
39549,1,3
24295,1,10
88797,1,5
95807,1,4
23877,1,9
16103,1,7
85606,1,8
18901,1,2
73423,1,5
63075,1,9
42471,1,7
N,1247,1,7,9
3526,1,6
27299,1,1
45622,1,8
65115,1,10
94946,1,5
48231,1,1
95655,1,2
64230,1,9
95385,1,6
N,2690,1,7,5
70551,1,10
64989,1,8
12318,1,6
71061,1,5
81639,1,6
N,315,1,7,8
48871,1,4
14183,1,8
32410,1,6
95847,1,4
93383,1,5
44519,1,4
92815,1,1
75110,1,4
P,1,7,767,1088.96
P,1,7,695,3536.29
S,1,7,20,25
N,2947,1,7,8
33310,1,4
97630,1,3
32461,1,10
10743,1,5
13926,1,9
80579,1,4
42691,1,3
5939,1,10
N,2083,1,7,10
33510,1,9
97986,1,10
88870,1,6
65222,1,7
67303,1,3
11930,1,6
40661,1,7
70303,1,7
67110,1,9
48825,1,7
P,2,3,1539,2710.69
P,1,7,1186,653.7
P,1,7,510,3417.45
P,1,7,2115,3875.58
N,895,1,7,6
6214,1,8
72165,1,5
31426,1,10
25311,1,8
56903,1,7
32407,1,3
N,1272,1,7,9
44263,1,4
81606,1,6
38365,1,3
69255,1,10
40166,1,4
81109,1,4
32482,1,9
81124,1,9
14050,1,5
N,2557,1,7,5
37586,1,5
12967,1,2
96486,1,10
53971,1,6
72989,1,8
N,293,1,7,6
72923,1,7
30817,1,3
16742,1,3
97510,1,1
6167,1,7
83685,1,1
N,1216,1,7,14
36515,1,7
13927,1,2
48832,1,6
64971,1,9
35813,1,9
24229,1,6
18113,1,3
5958,1,3
15251,1,6
5671,1,2
96476,1,3
56534,1,9
13767,1,2
97767,1,1
P,1,7,161,4637.71
P,1,7,1595,2755.89
P,1,7,326,1925.62
N,1282,1,7,13
80485,1,6
81382,1,7
89067,1,5
62165,1,2
83615,1,9
73191,1,4
21955,1,9
23775,1,4
25319,1,8
73126,1,4
87631,1,9
34484,1,7
80803,1,10
P,6,8,1246,4439.49
P,1,7,2049,1337.52
P,1,7,1139,1878.53
P,1,7,2237,3527.73
P,1,7,166,1377.48
P,1,7,1747,2139.55
I,1,7,23
N,1276,1,7,8
19943,1,9
77029,1,1
79059,1,5
62951,1,10
79079,1,3
76946,1,4
98006,1,5
93343,1,5
N,831,1,7,15
23827,1,5
48691,1,8
5959,1,10
72735,1,7
16095,1,10
81611,1,4
58923,1,5
73231,1,3
27863,1,1
54887,1,1
73431,1,10
90723,1,10
97751,1,2
39771,1,3
57050,1,7
P,1,7,1523,4806.79
I,1,7,21
P,1,7,2930,2949.45
P,1,7,2203,4537.4
N,2304,1,7,5
40631,1,6
54410,1,7
47591,1,6
64721,1,8
32397,1,6
S,1,7,13,21
S,1,7,17,31
P,1,7,1133,1452.57
P,1,7,69,3925.64
P,1,7,1759,1365.52
N,1271,1,7,6
55015,1,1
93395,1,5
16038,1,4
11607,1,3
93408,1,8
89567,1,2
P,1,7,321,4517.52
O,1,7,1402
N,315,1,7,6
24007,1,3
51799,1,6
38562,1,8
98015,1,10
86750,1,9
57063,1,4
N,1207,1,7,11
97443,1,1
56801,1,2
72781,1,6
55904,1,8
81603,1,2
68229,1,7
73439,1,3
73283,1,2
93286,1,5
11750,1,7
72391,1,2
N,1475,1,7,10
6207,1,10
71911,1,4
24150,1,8
47830,1,1
87653,1,5
16085,1,8
40003,1,1
48419,1,1
61127,1,2
14007,1,9
N,2817,1,7,15
89318,1,1
89569,1,8
24067,1,8
39590,1,6
92647,1,4
73317,1,6
32214,1,5
95879,1,10
40599,1,9
3971,1,6
97990,1,3
96463,1,5
64668,1,1
48359,1,5
31975,1,10
N,2171,1,7,5
76925,1,3
26086,1,8
44707,1,8
39653,1,6
23923,1,7
O,1,7,2674
P,2,2,2859,1978.99
N,2298,1,7,6
9262,1,8
59108,1,3
6150,1,2
56162,1,2
40467,1,4
65029,1,7
N,1201,1,7,15
81059,1,8
23635,1,6
6213,1,9
56487,1,5
27871,1,9
73191,6,5
377,1,9
52963,1,3
21062,1,1
44519,1,5
97413,1,6
30439,1,5
72804,1,7
5127,1,7
64734,1,5
N,259,1,7,9
6083,1,2
14039,1,1
32476,1,7
36070,1,7
15445,1,2
6199,1,1
29415,1,4
40166,1,9
60643,1,10
N,2811,1,7,10
93351,1,4
56993,1,9
4903,1,10
23959,1,2
81446,1,7
15023,1,3
46147,1,3
87582,1,7
52644,1,7
26292,1,10
N,2257,1,7,13
15075,1,8
54970,1,1
60995,1,5
58085,1,8
9663,1,9
16071,1,7
70671,1,4
44775,1,5
65220,1,7
40152,1,1
80999,1,5
774,1,5
14055,1,5
S,1,7,12,50
P,1,7,1155,4806.09
N,263,1,7,9
89312,1,1
65091,1,10
86975,1,8
24029,1,2
73301,1,2
54483,1,9
48262,1,5
3651,1,8
23975,1,4
P,1,7,1613,650.58
N,285,1,7,8
47589,1,1
89831,1,3
28199,1,2
15582,1,8
40679,1,6
28341,1,5
97310,1,9
40679,1,4
P,1,7,1279,4045.3
O,1,7,323
P,4,6,1202,3391.07
N,2799,1,7,15
98020,1,3
80615,1,6
23229,1,4
81349,1,10
44217,1,9
85159,1,1
30321,1,8
70885,1,2
5559,1,5
63103,1,8
73443,1,6
16098,1,4
48561,1,9
19143,1,8
31431,1,3
N,1071,1,7,12
15839,1,10
56407,1,2
81465,1,2
5183,1,4
16099,1,8
5030,1,5
48830,1,2
48605,1,4
75975,1,2
63187,1,3
20967,1,1
59110,1,7
S,1,7,13,32
N,512,1,7,15
10771,1,1
93797,1,8
31710,1,10
21860,1,10
97444,1,1
56357,1,7
26203,1,4
39907,1,2
25310,1,1
80725,1,3
44053,1,1
24003,1,2
32199,1,7
89797,1,7
93700,1,10
P,2,6,2515,2789.88
P,1,7,771,452.69
N,2909,1,7,11
52629,1,8
38438,1,6
97940,1,7
27603,1,6
65189,1,1
32443,1,7
40659,1,3
55003,1,6
48607,1,4
31204,1,1
46790,1,10
P,1,7,507,3963.62
N,883,1,7,13
14556,1,6
65248,1,8
33750,1,8
79201,1,4
79527,1,9
24223,1,8
88807,1,5
46937,1,4
93671,1,9
28258,1,10
14757,1,8
89639,1,4
33830,1,7
P,2,1,2130,1629.94
N,1231,1,7,12
40638,1,7
60375,1,6
12351,1,3
28359,1,8
30869,1,7
15442,1,2
94560,1,1
1015,1,7
80454,1,5
13655,1,6
36579,1,2
14135,1,6
N,1185,1,7,5
10977,1,9
48093,1,9
39585,1,2
51606,1,4
81601,1,3
N,1273,1,7,6
18517,1,7
83006,1,4
23201,1,3
97668,1,3
6113,1,3
65223,1,7
N,10,1,7,10
3143,1,1
40119,1,4
97159,1,8
54997,1,6
64167,1,9
73431,1,4
5051,1,4
16103,1,8
46271,1,5
50773,1,5
P,6,5,2749,439.63
N,707,1,7,9
70885,1,9
12010,1,1
76255,1,2
31462,1,1
71,1,7
23646,1,6
38087,1,3
46229,1,7
73383,1,10
P,1,7,2539,2188.54
P,1,7,308,4417.67
P,1,7,1025,1635.22
P,1,7,75,480.13
O,1,7,1247
N,726,1,7,8
10438,1,8
8935,1,4
42682,1,4
97249,1,1
24082,1,1
545,1,6
48823,1,8
2054,1,1
P,1,7,2530,934.54
N,1087,1,7,13
2563,1,7
52967,1,4
79590,1,9
83679,1,9
95891,1,10
30354,1,8
36487,1,10
73295,1,5
52928,1,8
10711,1,1
6135,1,7
54227,1,10
15963,1,3
I,1,7,26
N,171,1,7,13
70855,1,6
65255,1,1
30159,1,3
93926,1,5
24167,1,9
38500,1,3
1959,1,10
21157,1,4
12003,1,3
6069,1,6
89819,1,1
55902,1,8
5959,1,5
N,737,1,7,15
46759,1,6
73171,1,4
61141,1,1
95967,1,1
89311,1,5
65251,1,9
87743,1,8
77463,1,5
3843,1,1
89622,1,3
48823,1,4
5886,1,6
85215,1,10
48711,1,6
48415,1,4
P,1,7,1794,2673.97
N,306,1,7,9
76518,1,9
6013,1,8
96726,2,10
56983,1,10
80391,1,10
89831,1,1
46975,1,4
56527,1,1
48830,1,2
P,1,7,1250,3128.45
N,2169,1,7,10
80471,1,10
89217,1,3
25756,1,8
62919,1,5
93883,1,5
72591,1,2
42534,1,9
95951,1,2
97991,1,10
89434,1,10
I,1,7,20
P,2,4,2011,3512.72
N,1251,1,7,11
57050,1,10
96051,1,9
69191,1,8
48775,1,6
48359,1,8
89823,1,4
62087,1,5
72935,1,3
93805,1,9
71386,1,8
72291,1,6
N,2929,1,7,6
5928,1,8
53721,1,2
13725,1,2
69856,1,3
77511,1,9
55973,1,8
P,1,7,2105,3678.41
P,1,7,330,1339.34
S,1,7,10,28
P,1,7,327,299.49
P,1,7,331,2984.97
N,719,1,7,11
32359,1,9
69351,1,1
80995,1,5
85727,1,8
89713,1,10
48871,1,9
31919,1,2
97459,1,5
63206,1,6
80397,1,7
42208,1,10
N,1721,1,7,11
31487,1,9
97991,1,9
48867,1,7
72931,1,4
73285,1,7
40035,1,5
97987,1,9
5191,1,6
88022,1,8
44759,1,5
27106,1,10
I,1,7,35
N,2304,1,7,8
72418,1,9
32483,1,5
23629,1,4
46811,1,10
87271,1,4
23069,1,5
11709,1,9
40502,1,10
P,1,7,2171,2910.34
N,1915,1,7,10
48597,1,1
40378,1,10
40063,1,1
8134,1,2
20159,1,4
96995,1,7
31963,1,2
31399,1,10
11238,1,2
6967,1,5
N,327,1,7,5
89831,1,5
52455,1,10
69341,1,6
44711,1,8
89819,1,7
P,1,7,331,3377.96
N,2939,1,7,9
52839,1,7
27877,1,6
21223,1,8
64209,1,4
40087,1,2
73287,1,10
88791,1,9
79975,1,3
24033,1,3
P,1,7,1155,4814.54
P,3,3,2304,591.13
N,1015,1,7,7
88031,1,3
47303,1,2
71130,1,6
28387,1,10
31813,1,1
72797,1,5
62899,1,6
N,2303,1,7,15
57023,1,4
15959,1,4
89831,1,1
32453,1,9
6191,1,7
62183,1,2
80993,1,7
5661,1,6
78706,1,3
80487,1,8
48103,1,6
22631,1,9
64167,1,4
57059,1,9
95974,1,5
S,1,7,15,49
N,2271,1,7,14
2118,1,1
6190,1,6
9573,1,7
56166,1,5
7487,1,10
28226,1,5
34377,1,6
89799,1,8
5927,1,3
2119,1,7
81571,1,4
32455,1,4
89782,1,1
73430,1,9
N,2041,1,7,12
39847,1,10
22967,1,1
94871,1,9
97989,1,1
48831,1,10
31927,1,4
81602,1,5
5415,1,6
3911,1,4
47814,1,1
25767,1,7
96995,1,7
P,3,9,962,437.65
P,1,7,1283,4132.69
P,6,1,2280,10.79
S,1,7,12,35
N,331,1,7,12
28253,1,1
79072,1,3
48511,1,3
63718,1,8
69029,1,8
43041,1,7
31419,1,8
40417,1,3
32460,1,2
96331,1,6
48446,1,7
92487,1,2
P,1,7,2299,1209.12
P,1,7,2211,925.66
N,991,1,7,7
56807,1,6
77413,1,6
12983,1,8
89820,1,5
5399,1,8
89287,1,3
52707,1,6
N,1019,1,7,10
65126,1,1
81638,1,10
55014,1,4
67295,1,3
83685,1,8
5191,1,8
86647,1,8
25767,1,10
15773,1,10
88771,1,2
I,1,7,36
P,1,7,2675,2319.4
I,1,7,47
P,1,7,11,2105.11
P,1,7,897,1582.32
P,1,7,1026,4524.52
N,2127,1,7,13
5962,1,3
47837,1,8
79527,1,10
55910,1,6
11702,1,7
60504,1,1
11747,1,4
32486,1,10
89823,1,6
9927,1,1
6118,1,9
51898,1,1
40294,1,8
P,2,10,27,240.23
N,1213,1,7,9
43222,1,1
30359,1,6
97923,1,5
22179,1,5
52638,1,9
73431,1,6
73367,1,7
79523,1,9
56295,1,6
N,139,1,7,6
78535,1,5
38501,1,5
61151,1,6
93767,1,10
86493,1,3
25927,5,2
I,1,7,50
P,1,7,1714,1666.81
N,1283,1,7,9
27831,1,10
61031,1,4
54964,1,7
97759,1,10
72263,1,10
80803,1,2
14019,1,10
47774,1,8
97935,1,5
N,2050,1,7,15
51545,1,7
4006,1,1
48817,1,9
88645,1,8
56386,1,6
36563,1,3
69223,1,2
46295,1,6
54822,1,6
44647,1,5
15790,1,8
64038,1,8
28383,1,5
51686,1,8
9950,1,5
N,1267,1,7,6
69309,1,1
40535,1,10
15493,1,6
96526,1,10
73188,1,7
77543,1,5
P,1,7,2291,4754.85
P,1,7,2227,1095.06
P,1,7,2755,1439.29
N,59,1,7,6
80599,1,8
89507,1,2
2118,1,2
64165,1,8
22943,1,8
73299,1,2
N,2278,1,7,9
73304,1,8
27365,1,10
36575,1,7
80614,1,7
93921,1,9
38630,1,7
30395,1,1
55975,1,1
24231,1,4
P,1,7,635,3255.57
N,106,1,7,8
79575,1,1
71265,1,5
32159,1,1
48849,7,8
56519,1,10
97743,1,7
80095,1,5
40521,1,2
N,2115,1,7,13
24094,1,6
57063,1,8
81634,1,8
27875,1,8
65189,1,8
80077,1,7
48309,1,8
56549,1,5
95839,1,1
88769,1,4
5047,1,1
16101,1,4
2007,1,9
N,1279,1,7,13
63191,1,1
40679,1,6
94721,1,1
81302,1,4
5911,1,10
25806,1,8
97767,1,3
3911,1,9
82404,1,5
15971,1,5
39641,1,5
65203,1,5
72771,1,6
P,1,7,2235,3085.28
N,2254,1,7,7
6215,1,6
69927,1,9
56735,1,8
40071,1,4
78471,1,5
44646,1,2
14011,1,8
O,1,7,705
P,1,7,1267,2261.49
P,1,7,2745,1578.1
P,1,7,867,633.61
N,1787,1,7,11
89829,1,2
60071,1,4
63247,1,1
88711,1,8
81087,1,9
28103,1,4
36055,1,1
54486,1,5
30886,1,7
2102,1,5
35551,1,7
P,1,7,2176,2405.47
P,1,7,331,1259.56
P,1,7,9,2793.34
P,2,8,1251,1441.45
D,1,9
O,1,7,2303
P,6,2,699,3894.14
P,8,9,746,3079.43
S,1,7,20,36
P,1,7,962,2008.69
