P,1,8,2777,2829.45
N,1119,1,8,6
31438,1,6
5910,1,8
65247,1,3
24263,1,10
57022,1,10
48591,1,4
P,1,8,1279,3288.0
P,1,8,1790,2750.68
N,106,1,8,14
17100,1,8
52246,1,6
36199,1,5
83623,1,9
88420,1,5
85727,1,6
14886,1,5
89811,1,4
30439,1,7
64743,1,7
36263,1,6
5957,1,5
32455,1,5
5698,1,6
O,1,8,299
N,1795,1,8,12
8823,1,5
89767,1,5
71836,1,2
40259,1,3
32112,1,10
52679,1,4
20999,1,5
55847,6,5
42673,1,7
77319,1,6
36198,1,6
32064,1,4
N,2171,1,8,13
97755,1,7
62175,1,9
32470,1,8
57057,1,1
34263,1,5
56021,1,9
47331,1,1
15333,1,1
19551,1,8
66147,1,4
64199,1,6
45527,1,8
67623,1,7
N,625,1,8,9
28387,1,10
40527,1,4
32447,1,9
64100,1,8
40657,1,5
85541,1,10
13223,1,7
6215,1,8
23239,1,8
P,1,8,1763,1279.12
N,2305,1,8,8
48646,1,8
96854,1,10
97894,1,2
81626,1,5
73318,1,8
46718,1,10
44039,1,4
68823,1,3
P,1,8,547,2623.99
N,1045,1,8,14
65254,1,7
52769,1,4
79263,1,6
84967,1,6
53,1,6
73126,1,7
47967,1,7
16039,1,10
54971,1,1
42327,1,3
23843,1,6
73439,1,9
88677,1,5
48871,1,7
P,1,8,1275,719.64
O,1,8,736
P,1,8,1808,3672.07
O,1,8,1267
P,1,8,2111,3681.32
S,1,8,19,47
N,1122,1,8,15
19663,1,2
81639,1,4
86949,1,4
2115,1,10
50910,1,6
16101,1,1
15955,1,9
57063,1,6
71063,1,7
1731,1,8
27815,1,10
64439,1,10
15551,1,6
93607,1,4
89228,1,6
N,2153,1,8,9
15835,1,3
46695,1,3
46567,1,2
81127,1,10
56933,1,6
15837,1,9
24223,1,2
57054,1,2
32390,1,7
P,1,8,765,3721.59
S,1,8,15,38
N,199,1,8,9
40662,1,6
69126,1,4
89759,1,9
81314,1,8
88760,1,7
95894,1,10
48814,1,8
85860,1,4
13670,1,6
P,1,8,1187,1379.83
P,1,8,2147,3113.54
P,8,10,1279,4621.19
N,2815,1,8,8
81127,1,3
89815,1,9
39642,1,9
27223,1,7
15007,1,3
51938,1,9
32229,1,6
62117,1,6
D,1,9
I,1,8,21
N,1790,1,8,6
93664,1,3
97973,1,3
16102,1,6
78311,1,10
13853,1,10
47590,1,5
P,1,8,106,153.62
P,1,8,1239,4732.46
N,1283,1,8,5
12255,1,2
47815,1,5
89309,1,10
76517,1,5
96699,1,5
P,1,8,1154,548.96
P,1,8,2291,1012.73
D,1,1
D,1,8
P,1,8,127,2390.41
P,1,8,1981,1740.2
N,737,1,8,11
73179,1,2
11703,1,2
40677,1,6
38631,1,5
6211,1,7
62183,1,7
15077,1,10
55143,1,6
30311,1,4
85711,1,4
62917,1,1
P,1,8,767,3508.12
N,2650,1,8,5
65191,1,6
40525,1,3
87743,1,3
19807,1,6
8902,1,8
P,1,8,2299,1504.25
N,1865,1,8,14
97479,1,1
56671,1,2
12478,1,2
52895,1,8
85383,1,7
44731,1,3
56990,1,3
27350,1,5
60110,1,4
72407,1,7
48114,1,1
93732,1,9
40163,1,10
4087,1,6
N,2627,1,8,13
5055,1,6
80870,1,3
65237,1,8
89318,1,5
87508,1,6
46423,1,3
43239,1,8
58469,1,9
52455,1,7
88741,1,6
29927,1,7
59607,1,7
48085,1,4
D,1,2
S,1,8,15,23
P,5,9,1027,343.1
P,1,8,1027,3767.48
N,745,1,8,9
97503,1,7
58939,1,7
24002,1,6
78567,1,5
22215,1,10
48583,1,2
46693,1,6
77386,1,9
20071,1,4
N,683,1,8,7
35815,1,1
73382,1,2
67943,1,3
32479,1,2
36067,1,7
11207,1,9
11723,1,6
N,2302,1,8,14
85734,1,3
13027,1,7
12006,1,7
81635,1,1
22235,1,10
26261,1,4
68780,1,10
65255,1,6
54725,1,1
10839,1,3
97889,1,1
65223,1,1
16097,1,6
47575,1,9
N,515,1,8,8
89775,1,2
19135,1,1
40679,1,5
53981,1,7
88662,1,7
79572,1,4
42435,1,3
46807,1,1
P,1,8,2419,3345.2
N,1560,1,8,7
72850,1,2
23933,1,2
89747,1,6
16053,1,10
71348,1,9
61017,1,5
39653,1,7
N,1271,1,8,11
88215,1,2
3847,1,7
76995,1,4
54503,1,3
73439,1,2
77203,1,8
47811,1,8
93925,1,6
899,1,3
32101,1,3
40486,1,6
N,2304,1,8,14
39629,1,4
11222,1,6
19041,1,6
25799,1,8
50919,1,5
84450,1,5
65074,1,8
56147,1,7
94423,1,4
65191,1,8
15826,1,8
19659,1,3
48604,1,3
80103,1,9
N,267,1,8,8
85718,1,1
24260,1,9
28327,1,7
71351,1,8
6198,1,1
27063,1,3
30375,1,4
81621,1,7
P,1,8,2291,3426.72
P,1,8,1282,716.28
N,2979,1,8,6
9572,1,6
93387,1,10
15702,1,4
87207,1,2
9447,1,1
33415,1,5
N,1791,1,8,11
31431,1,7
15958,1,3
44582,1,3
23007,1,5
80295,1,8
44635,1,7
76613,1,9
3373,1,2
6149,1,7
63701,1,4
63703,1,9
P,1,8,1279,3745.63
N,1019,1,8,11
47970,1,10
85607,1,8
73761,1,3
54502,1,6
93887,1,10
20185,1,3
19687,1,5
48199,1,7
64163,1,1
59585,1,10
3142,1,3
P,1,8,1251,4621.12
N,323,1,8,12
54791,1,6
3583,1,6
39302,1,3
36583,1,4
10305,1,8
23220,1,6
46782,1,1
52965,1,1
76759,1,5
98021,1,9
45525,1,7
44767,1,6
N,985,1,8,5
79845,1,1
56486,1,2
72417,1,6
81635,1,2
65109,1,3
N,2051,1,8,8
24289,1,1
4949,1,4
32475,1,9
56037,1,9
31971,1,9
95903,1,8
28383,1,3
81623,1,9
O,1,8,707
P,1,8,2102,1017.62
P,6,2,246,2135.15
D,1,7
D,1,2
P,4,7,2211,2461.95
P,1,8,1212,2233.91
N,1966,1,8,5
5703,1,2
88515,1,1
40672,1,4
15971,1,3
23107,1,8
N,2306,1,8,12
64214,1,8
56699,1,2
54796,1,4
67011,1,2
67799,1,9
87090,1,5
39651,1,6
97991,1,3
81123,1,8
71191,1,4
83171,1,7
89806,1,6
N,299,1,8,6
1479,1,5
53315,6,1
56151,1,6
39333,1,1
71777,1,6
11990,1,3
I,1,8,46
N,2299,1,8,15
5727,1,6
67242,1,5
5599,1,7
57061,1,1
32471,1,5
15959,1,6
20975,1,7
87750,1,1
73415,1,9
52962,1,7
85709,1,3
51902,1,4
44639,1,7
31975,1,8
88165,1,2
N,163,1,8,5
72358,1,5
81451,1,3
48295,1,7
55247,1,4
50651,1,10
P,1,8,2457,293.43
N,75,1,8,9
16103,1,3
6197,1,6
88035,1,6
34407,1,3
96983,1,4
73367,2,5
89831,1,6
72099,1,9
5901,1,1
P,1,8,2848,123.61
N,2515,1,8,8
64087,1,8
65217,1,9
56999,1,8
16103,1,10
46743,1,7
79461,1,8
20631,1,6
32183,1,1
P,1,8,1139,768.47
P,1,8,1021,3040.75
S,1,8,12,31
P,8,8,2211,4496.9
N,119,1,8,8
6146,1,4
95815,1,5
47843,1,10
57043,1,7
5171,1,2
54675,1,5
24263,1,6
16087,1,2
P,2,7,2681,3753.72
N,2305,1,8,14
98021,1,1
97986,1,2
56963,1,5
2085,1,10
29908,1,8
40159,1,5
11495,1,7
96995,1,1
13859,1,8
47493,1,9
87303,1,1
79582,1,10
31843,1,4
87143,1,3
N,1281,1,8,11
72332,1,6
24163,1,3
15065,1,8
11845,1,6
80676,1,9
37462,1,3
14046,1,4
63638,1,5
79223,1,3
89811,1,1
14279,1,8
N,2011,1,8,10
53970,1,7
4991,1,8
97430,1,2
31718,1,2
64711,1,8
45655,1,8
4802,1,3
81606,1,10
73271,1,1
36455,1,10
P,1,8,2306,1549.8
N,2103,1,8,12
71387,1,4
76518,1,2
4614,1,6
12003,1,3
81621,1,1
48871,1,4
54795,1,4
39397,1,1
60293,1,8
12259,1,7
60071,1,3
31463,1,8
N,2275,1,8,9
40421,1,8
27367,1,5
23135,1,1
72391,1,9
13543,1,2
80278,1,2
15587,1,1
33989,1,8
96983,1,1
N,234,1,8,8
5893,1,9
18147,1,1
36259,1,7
48868,1,5
81621,1,1
4678,1,8
43836,1,8
53850,1,6
P,1,8,1849,240.74
N,1073,1,8,5
78052,1,9
16039,1,2
27719,1,5
57059,1,3
72397,1,8
N,641,1,8,13
91491,1,6
97367,1,6
34367,1,1
92315,1,9
88583,1,6
52711,1,8
73187,1,8
18130,1,4
28371,1,1
57056,1,6
3971,1,7
64999,1,8
73427,1,6
N,319,1,8,5
26215,1,10
15963,1,7
65127,1,10
31911,1,7
70870,1,4
N,1789,1,8,11
40673,1,10
23781,1,10
65097,1,3
56022,1,1
36567,1,6
48311,1,9
64165,1,8
83302,1,6
40655,1,4
1861,1,2
74463,1,6
D,1,6
I,1,8,27
N,2993,1,8,8
31206,1,8
57059,1,8
80599,1,6
97501,1,1
85105,1,5
89030,1,2
44614,1,3
89311,1,6
N,1281,1,8,13
72403,1,5
95958,1,1
29735,1,6
3655,1,1
46655,1,1
76379,1,6
40667,1,7
17093,1,1
81607,1,8
93923,1,7
28199,1,5
6199,1,6
55975,1,10
P,1,8,1282,785.33
N,987,1,8,8
12831,1,7
2243,1,10
22019,1,6
89830,1,6
4035,1,9
88786,1,10
63171,1,3
89828,1,8
P,7,6,328,4665.72
P,1,8,2819,4343.91
P,1,8,830,2636.43
P,1,8,1007,671.34
N,2099,1,8,5
63205,1,1
22631,1,10
29383,1,5
89535,1,5
9959,1,2
P,1,8,1283,3251.05
N,137,1,8,6
43735,1,7
23143,1,6
45783,1,3
56019,1,4
44767,1,4
55527,1,7
N,2723,1,8,8
89542,1,10
96995,1,3
56295,1,5
89488,1,2
39903,1,5
51938,1,6
8127,1,9
89206,1,3
P,1,8,75,2876.1
P,4,10,1163,2921.83
S,1,8,18,42
N,259,1,8,12
11462,1,1
39063,1,9
93389,1,7
55919,1,10
6119,1,6
28287,1,6
42683,1,1
55713,1,9
41671,1,4
88471,1,3
84811,1,2
39642,1,2
N,899,1,8,8
1890,1,1
89799,1,8
51943,1,1
2375,1,5
19365,1,7
52661,1,5
40463,1,1
24295,1,1
O,1,8,1921
N,2227,1,8,9
15297,1,5
75837,1,2
57670,1,10
18023,1,2
45959,1,10
15702,1,2
67291,1,10
89811,1,7
85475,1,1
N,2289,1,8,5
56165,1,2
30838,1,1
63715,1,6
29090,1,6
6194,1,3
P,1,8,306,1170.72
N,1393,1,8,8
63069,1,6
52829,1,5
81038,1,7
60894,1,8
30942,1,10
51169,1,2
48739,1,8
29669,1,4
P,1,8,1279,721.37
P,1,8,1763,125.92
P,1,8,1787,1537.58
P,1,8,2799,2107.26
S,1,8,13,42
N,35,1,8,13
73447,1,1
35728,1,1
52839,1,8
48583,1,7
48871,1,7
24293,1,1
44695,1,10
46805,1,4
97892,1,8
23783,1,4
48860,1,5
91607,1,2
11941,1,9
P,1,8,275,183.78
P,1,8,1251,2984.23
P,1,8,2051,1178.76
P,7,8,2691,4347.11
N,2931,1,8,12
44755,1,3
6191,1,2
79587,1,7
35270,1,2
32354,1,9
39269,1,1
48859,2,1
48871,1,5
71135,1,9
46791,1,4
15839,1,8
80871,1,4
D,1,9
D,1,9
P,1,8,2787,1619.71
O,1,8,1269
N,2754,1,8,6
46178,1,5
38247,1,5
95175,1,9
1821,1,5
30167,1,2
16068,1,5
P,1,8,331,3349.9
N,2047,1,8,15
31719,1,5
35557,1,4
12951,1,7
31974,1,6
6214,1,2
56679,1,4
14501,1,7
17117,1,4
14013,1,9
30183,1,1
85735,1,1
24295,1,4
54499,1,2
64295,1,4
16839,1,6
N,2242,1,8,12
84423,1,1
65157,1,9
36291,1,10
98791,1,10
36453,1,7
67807,1,9
89511,1,5
1093,1,4
73427,1,1
15942,1,5
89695,1,8
71124,1,10
P,1,8,1145,3332.91
S,1,8,12,49
N,2283,1,8,12
13991,1,8
64231,1,5
68172,1,8
68815,1,4
97723,1,3
93927,1,10
19272,1,1
24293,1,7
76994,1,8
89175,1,10
24135,1,4
57047,1,9
N,2178,1,8,15
97823,1,9
23703,1,3
48671,1,6
19683,1,6
85207,1,9
93414,1,9
31970,1,1
69846,1,7
65225,1,10
40362,1,9
3501,1,6
64871,1,5
2112,1,2
22983,1,8
56675,1,2
N,2819,1,8,10
22179,1,7
74015,1,2
88783,1,9
85149,1,1
89815,1,8
3703,1,10
30413,1,8
15567,1,3
87767,1,6
92647,1,5
N,2305,1,8,12
47711,1,4
63629,1,2
71,1,3
3571,1,4
8022,1,9
81603,1,4
81636,1,2
73317,1,7
94180,1,10
26675,1,5
64998,1,7
79079,1,1
N,2451,1,8,7
35551,1,2
38467,1,5
15895,1,1
56032,1,6
85185,1,10
81123,1,1
48819,1,8
P,1,8,267,3170.91
N,2399,1,8,15
98006,1,2
48231,1,10
11933,1,2
96830,1,7
54215,1,3
14775,1,3
46502,1,2
18151,1,6
73383,1,2
57063,1,5
24031,1,3
79522,1,6
72407,1,9
1729,1,2
56979,1,2
N,2237,1,8,13
97791,1,1
97637,1,3
77399,1,7
73309,1,9
27347,1,6
15839,1,7
54372,1,10
21988,1,2
5699,1,8
23269,1,9
24279,1,9
71331,1,4
34401,1,4
P,7,5,1267,2211.32
D,1,10
P,1,8,1015,526.08
N,1024,1,8,10
60630,1,9
40679,1,6
12982,1,3
15073,1,9
46878,1,7
79575,1,1
6103,1,6
97998,1,3
61655,1,9
32119,1,5
D,1,9
P,1,8,2225,813.22
P,1,8,317,4837.39
D,1,9
P,8,1,1009,1603.81
P,1,8,315,898.22
P,1,8,917,2059.3
S,1,8,11,23
N,2033,1,8,10
89828,1,5
22981,1,8
28360,1,2
73407,1,3
68493,1,1
6213,1,8
32045,1,4
32213,1,5
89031,1,4
38743,1,8
P,1,8,2739,3168.24
P,1,8,1713,542.49
P,4,8,114,84.9
I,1,8,31
N,2049,1,8,8
38491,1,4
25727,1,10
53959,1,1
56031,1,8
48709,1,10
19143,1,7
56741,1,7
31393,1,6
S,1,8,16,23
N,309,1,8,13
48869,1,2
13390,1,1
76003,1,4
56545,1,9
6049,1,4
14799,1,6
47555,1,8
24051,1,9
73059,1,8
12765,1,7
14183,1,1
54429,1,1
3975,1,7
I,1,8,38
S,1,8,16,47
P,1,8,2049,3244.64
P,5,1,1209,3026.73
N,2817,1,8,5
31959,1,10
39509,1,9
88039,1,5
28354,1,8
55015,1,5
N,1507,1,8,6
15975,1,5
93639,1,3
85735,1,7
98019,1,1
65127,1,8
71383,1,1
N,1143,1,8,15
44391,1,1
95839,1,10
11470,1,4
89658,1,3
21671,1,1
11453,1,2
95899,1,5
95427,1,2
77463,1,5
89695,1,10
55526,1,5
46303,1,8
52646,1,1
68263,1,4
47811,1,5
N,768,1,8,12
89765,1,4
40647,1,10
95719,1,9
57063,1,4
46822,1,10
42694,1,8
95717,1,4
87519,1,6
56805,1,8
74463,1,9
10558,4,7
56037,1,5
N,2099,1,8,13
56867,1,1
32420,1,7
53986,1,8
94366,1,8
73438,1,9
6183,1,4
97991,1,7
44645,1,10
69284,1,5
52943,1,3
81629,1,6
9759,1,10
9696,1,9
D,1,8
N,1250,1,8,11
24269,1,6
48706,1,7
39637,1,3
65995,1,7
61146,1,7
22227,1,9
80103,1,2
89317,1,5
790,1,7
39811,1,7
89823,1,8
N,1215,1,8,7
93639,1,2
63111,1,7
75463,1,8
89701,1,9
73431,1,1
16102,1,8
56766,1,6
N,1122,1,8,9
24294,1,9
89507,1,10
19143,1,8
36470,1,5
23190,1,5
5741,1,9
97254,1,1
61146,1,6
39516,1,6
N,1714,1,8,5
16101,1,5
15935,1,5
4167,1,2
15063,1,10
1863,1,8
P,4,2,2042,1670.85
N,1755,1,8,12
52371,1,2
58598,1,2
64990,1,6
21111,1,5
28371,1,3
96831,1,1
41953,1,2
15063,1,7
91527,1,3
32482,1,2
40679,1,6
65255,1,7
P,1,8,2148,2354.31
N,1279,1,8,5
40372,1,5
61158,1,6
97510,1,6
95766,1,3
6175,1,7
P,1,8,2172,2841.0
N,67,1,8,5
15267,1,5
81631,1,6
93699,1,5
30428,1,10
32101,1,6
N,256,1,8,15
72390,1,10
5947,1,4
13910,1,8
72837,1,6
68713,1,1
38628,1,1
55895,1,8
80615,1,8
5959,1,6
95363,1,1
64868,1,10
32487,1,9
65239,2,6
85207,1,9
31071,1,3
N,2720,1,8,9
55783,1,6
1855,1,4
63907,1,1
87366,1,6
66142,1,4
20133,1,8
36572,1,3
65246,1,4
62054,1,4
N,71,1,8,15
87511,6,6
23203,1,5
73445,1,10
40661,1,3
28350,1,1
34279,1,7
9695,1,8
75479,1,4
85735,1,2
95839,1,2
95949,1,2
48871,1,5
73142,1,9
73059,1,9
24295,1,1
P,1,8,55,4089.88
N,1231,1,8,15
89575,1,6
19750,1,9
38078,1,6
94758,1,3
48599,1,8
15967,1,8
42431,1,7
88259,1,2
40678,1,3
40679,1,9
24289,1,5
64135,1,5
48805,1,2
20038,1,2
72615,1,10
N,2671,1,8,14
5446,1,2
54631,1,8
24039,1,5
59029,1,2
74918,1,1
15937,1,7
31943,1,7
47718,1,8
89127,1,7
97950,1,1
32423,1,3
31207,1,1
69799,1,2
56295,1,3
P,1,8,511,1960.15
P,1,8,1271,2213.61
N,2223,1,8,6
3815,1,9
85219,1,6
93925,1,4
77543,1,2
75993,1,8
32485,1,2
N,2159,1,8,5
72919,1,6
65255,1,3
16101,1,4
83125,1,7
59350,1,9
P,1,8,2522,1125.58
I,1,8,43
D,1,7
N,1187,1,8,12
64231,1,8
93926,1,8
64726,1,6
31443,1,1
65207,1,7
15263,1,10
32351,1,3
87779,1,6
45385,1,8
53941,1,5
17623,1,10
57034,1,10
P,1,8,318,3681.74
N,2505,1,8,8
64228,1,2
85659,1,6
1079,1,3
69253,1,9
45286,1,9
32358,1,9
65223,1,8
48358,1,2
N,915,1,8,13
32199,1,4
56463,1,8
8734,1,1
38628,1,2
55990,1,6
32467,1,1
31429,1,6
78950,1,7
31303,1,9
96293,1,4
45501,1,5
15043,1,9
65191,1,4
N,1177,1,8,8
73430,1,7
56986,1,1
72647,1,6
30951,1,8
54844,1,8
71649,1,3
70791,1,4
38119,1,5
P,1,8,602,221.17
N,995,1,8,13
72271,1,2
73343,1,9
89573,1,9
3757,1,7
42599,1,6
73424,1,7
14546,1,8
36262,1,10
24287,1,4
87266,1,2
29319,1,1
16075,1,7
54935,1,4
I,1,8,23
D,1,10
