N,2547,1,10,13
77495,1,1
73433,1,4
77535,1,7
81607,1,2
39839,1,6
13466,1,8
17622,1,10
97762,1,4
90277,1,1
37562,1,8
5147,1,4
62434,1,10
6086,1,7
N,193,1,10,14
56932,1,8
3011,1,8
81315,1,6
38629,1,4
73318,1,1
58589,1,3
46054,1,6
48063,1,2
72933,1,5
65222,1,9
89575,1,2
45541,1,8
69223,1,9
87782,1,7
N,730,1,10,12
89831,1,3
5688,1,2
56017,1,7
77286,1,9
11463,1,2
40221,1,6
95437,1,7
22689,1,3
95156,1,4
6091,1,5
24259,1,1
14821,1,9
P,1,10,1187,3552.6
P,1,10,425,4226.43
N,1255,1,10,14
4595,1,1
46796,1,2
76454,1,7
14054,1,8
20695,1,6
24295,1,6
72491,1,6
32261,1,6
79587,1,1
71102,1,3
31443,1,5
55003,1,3
73319,1,10
57029,1,7
N,1155,1,10,15
29095,1,10
13503,1,9
46642,1,3
71398,1,4
20707,1,4
9797,1,10
89279,1,3
22948,1,2
16074,1,4
56871,1,3
4151,1,2
34375,1,8
89755,1,3
16102,1,8
38503,1,7
N,67,1,10,15
97885,1,9
6199,1,9
17425,1,4
9415,1,10
16103,1,5
9689,1,4
96253,1,7
81582,1,1
40605,1,5
78213,1,3
68839,1,9
4583,1,5
82599,1,10
32228,1,6
54751,1,1
N,2177,1,10,13
64225,1,5
96975,1,7
31911,1,3
81383,1,7
40415,1,8
82657,1,3
68770,1,9
55991,1,10
14917,1,1
89413,1,10
7207,1,7
72767,1,10
83454,1,1
P,1,10,1219,1995.17
D,1,1
P,1,10,1537,4376.52
P,1,10,1267,86.19
N,331,1,10,8
6174,1,2
81375,1,1
15078,1,6
63028,1,5
79540,1,9
47668,1,6
22060,1,4
72867,1,10
P,1,10,2283,4278.26
N,1283,1,10,6
6195,1,8
6023,1,8
22225,1,10
65095,1,5
47239,1,3
97990,1,8
N,2803,1,10,13
39908,1,9
13542,1,4
63679,1,9
72407,1,7
19910,1,9
40649,1,2
24195,1,6
56282,1,7
24269,1,7
51925,1,9
42127,1,10
94935,1,1
2119,1,10
P,1,10,1218,2228.83
N,183,1,10,11
24286,1,1
80099,1,7
32402,1,8
73423,1,3
16030,1,4
3011,1,5
73383,1,7
48223,1,2
52967,1,6
6182,1,7
15954,1,5
N,253,1,10,14
16036,1,2
23407,1,2
56036,1,6
73414,1,3
55967,1,10
46607,1,6
53478,1,2
32455,1,5
68774,1,9
80006,1,4
37925,1,10
57051,1,10
64883,1,7
5800,1,3
O,1,10,1155
N,1635,1,10,6
40423,1,7
40615,1,7
56509,1,5
73185,1,5
27562,1,4
59039,1,1
P,1,10,1266,4770.24
O,1,10,898
N,313,1,10,9
3107,1,2
48677,1,9
24039,1,10
20071,1,5
59879,1,5
96963,1,4
11747,1,8
22758,1,8
13757,1,4
P,1,10,2307,465.81
O,1,10,2281
N,635,1,10,14
15828,1,1
3128,1,4
6213,1,8
97959,1,5
15583,1,10
14021,1,8
3143,1,2
64982,3,3
98019,1,4
5662,1,6
15575,1,7
89279,1,9
89447,1,6
87652,1,6
N,2275,1,10,15
72415,1,4
96455,1,8
23361,1,10
24275,1,6
32359,1,3
16052,1,5
40649,1,7
62947,1,6
25221,1,10
40663,1,4
44773,1,8
97959,1,10
73381,1,2
65237,1,1
88982,1,4
P,1,10,2050,1857.16
P,1,10,2159,2168.04
D,1,4
D,1,1
N,1141,1,10,12
6215,1,6
8933,1,3
29086,1,7
2627,1,5
31973,1,4
56915,1,9
1575,1,8
16103,1,4
56021,1,3
48807,1,1
15470,1,7
61143,1,2
S,1,10,16,20
N,2299,1,10,5
70211,1,5
31907,1,5
64004,1,3
68292,1,10
89318,1,10
D,1,1
N,48,1,10,5
57062,1,6
32359,1,6
37447,1,7
51105,1,2
55015,1,2
P,1,10,2303,779.41
N,1983,1,10,9
15526,1,1
59975,1,1
85731,1,3
86703,1,5
99415,1,1
95971,1,7
4146,1,2
68814,1,3
40034,1,9
N,74,1,10,13
38189,1,1
94311,1,7
31397,1,5
55847,1,8
52455,1,6
73362,1,6
83027,1,8
62470,1,4
96207,1,2
19655,1,1
56997,1,10
42242,1,10
68309,1,8
N,1762,1,10,11
46283,1,7
89559,1,10
88411,1,1
34791,1,2
89831,1,8
56903,1,10
56999,1,7
54727,1,5
69343,1,10
15003,1,8
32351,1,2
N,2046,1,10,15
73344,1,7
17886,1,1
65245,1,1
81572,1,5
48340,1,7
65183,1,10
83127,1,5
3071,1,7
89735,1,6
23575,1,3
47701,1,10
14339,1,5
52397,1,6
32477,1,1
69302,1,9
P,1,10,2240,4048.85
O,1,10,446
N,1281,1,10,14
62182,1,8
29927,1,2
21195,1,1
72646,1,10
32487,1,10
73319,1,10
65095,1,3
4153,1,1
59687,1,8
65253,1,4
98023,1,4
98021,1,6
45543,1,5
15838,1,9
P,1,10,2497,1692.15
P,1,10,327,4469.29
P,1,10,2297,3691.09
N,636,1,10,9
63963,1,1
91843,1,10
56038,1,7
32325,1,1
72915,1,4
75366,1,2
15559,1,5
15835,1,1
81625,1,1
N,1283,1,10,11
96999,1,4
72313,8,10
81051,1,6
16080,1,7
52349,1,3
92903,1,10
94835,1,3
81639,1,10
32487,1,10
81156,1,7
64615,1,4
N,770,1,10,13
97953,1,8
81509,1,8
16103,1,10
40167,1,9
97239,1,2
9878,1,1
77271,1,4
79587,1,5
53639,1,6
15943,1,5
22631,1,10
4023,1,1
81444,7,10
N,75,1,10,15
98019,1,8
92898,1,1
14019,1,8
66277,1,9
81342,1,10
48791,1,6
76350,1,5
27353,1,1
95717,1,5
3557,1,1
77541,1,9
18119,1,10
40404,1,10
32485,1,1
46727,1,8
N,985,1,10,6
70991,1,3
95971,1,7
15255,1,2
37607,1,6
87647,1,3
40665,1,4
N,2947,1,10,12
27847,1,3
81124,1,2
20128,1,9
61615,1,3
56401,1,8
65253,1,9
79375,1,5
65254,1,7
19875,1,1
15191,1,4
52883,1,2
23124,1,3
N,155,1,10,14
32421,1,5
16059,1,3
3903,1,1
12903,1,4
56933,1,9
87783,1,7
887,1,5
48599,1,10
70365,1,9
79550,1,9
73381,1,4
53027,1,2
75210,1,8
46077,1,6
N,1795,1,10,5
27810,1,5
69292,1,4
14959,1,8
79399,1,1
89278,1,9
O,1,10,2305
N,1667,1,10,15
47829,1,10
23717,1,4
85471,1,2
17511,1,1
16103,1,8
44135,1,4
28371,1,4
8587,1,5
77990,1,1
46309,1,10
58855,1,8
29397,1,7
67301,1,10
4161,1,1
15807,1,7
N,209,1,10,14
56755,1,2
48358,1,7
12729,1,8
39419,1,10
54980,1,8
9672,1,4
65127,1,8
31590,1,4
6214,1,10
39651,1,7
57046,1,9
2981,1,2
97494,1,6
36523,1,4
N,2946,1,10,9
93887,1,2
89633,1,7
46817,1,6
92871,1,8
44647,1,7
89629,1,9
15993,1,5
5427,1,8
73294,1,6
N,1248,1,10,14
95943,1,8
9879,1,3
58714,1,3
95390,1,7
48630,1,9
57056,1,4
54975,1,3
89797,1,2
73170,1,1
23077,1,4
9287,1,5
20039,1,8
81631,1,8
15845,1,1
P,1,10,1923,4870.37
P,1,10,2298,1061.33
N,899,1,10,6
48418,1,4
14055,1,10
61136,1,7
23143,1,3
28360,1,4
73374,1,1
P,1,10,1923,1459.12
P,1,10,1025,4502.86
D,1,10
N,1667,1,10,8
51933,1,9
68702,1,6
15143,1,9
81381,1,10
89538,1,8
56933,1,7
5823,1,7
15079,1,5
N,1123,1,10,13
81363,1,5
81087,1,8
1959,1,2
50914,1,4
21647,1,5
20197,1,7
95591,1,3
89063,1,4
80615,1,1
75487,1,1
85607,1,4
85223,1,2
36550,1,3
P,1,10,2243,4552.25
N,163,1,10,15
69859,1,7
47705,1,1
56930,1,2
63203,1,8
64851,1,7
40653,1,7
20069,1,10
92519,1,2
48615,1,4
79559,1,1
60799,1,2
40601,1,2
52775,1,7
24294,1,1
84063,1,4
P,1,10,327,4056.51
P,1,10,1201,1109.65
N,2179,1,10,11
11991,1,10
42694,1,6
22087,1,4
60079,1,4
88741,1,9
1973,1,7
38619,1,6
68831,1,2
81639,1,1
46691,1,6
79521,1,7
N,2227,1,10,13
15843,1,7
79266,1,1
97955,1,7
32487,1,2
65254,1,4
9879,1,1
23975,1,9
56807,1,6
15806,1,7
44775,1,6
15711,1,2
50833,1,3
81327,1,10
N,2275,1,10,14
16099,1,6
32197,1,7
56485,1,3
38618,1,6
95205,1,1
56470,1,10
24285,1,1
39879,1,4
87135,1,8
29895,1,8
51943,1,2
85063,1,8
9959,1,10
23969,1,6
N,2812,1,10,6
12162,1,1
24262,1,6
6212,1,8
29767,1,2
14943,1,10
97957,1,5
N,2238,1,10,15
39655,1,4
81575,1,1
81631,1,6
21901,1,6
87235,1,2
85632,1,3
88679,1,1
3647,1,4
56800,1,9
48482,1,4
97687,1,3
65606,1,8
22998,1,8
48759,1,6
24042,1,10
N,1107,1,10,10
14803,1,3
89826,1,2
72772,1,5
46237,1,10
60839,1,2
24197,4,5
40630,1,9
56551,1,10
77031,1,9
80295,1,6
P,1,10,2239,3321.0
N,2227,1,10,9
88358,1,10
64739,1,2
4671,1,4
73442,1,7
69342,1,5
32487,1,9
65243,1,1
11985,1,2
77492,1,3
O,1,10,1279
D,1,6
P,1,10,2815,3636.04
P,1,10,2307,1597.29
N,1791,1,10,15
71918,1,1
97499,1,6
30423,1,10
5959,1,3
24262,1,7
95962,1,4
52949,1,1
97511,1,2
16031,1,9
66647,5,1
41695,1,4
26342,1,5
65236,1,1
32028,1,3
38567,1,4
O,1,10,2271
N,1283,1,10,7
643,1,6
39715,1,3
39521,1,10
24293,1,7
77446,1,7
12295,1,3
72807,1,3
N,1154,1,10,15
23893,1,6
96201,1,7
24159,1,10
89665,1,9
47767,1,5
63179,1,3
55005,7,4
48866,1,8
63711,1,7
5693,1,6
59751,1,7
64868,1,10
5620,1,8
73191,1,3
69286,1,1
N,2274,1,10,12
97367,1,5
67299,1,7
88535,1,5
96695,1,2
56803,1,1
65079,1,6
67555,1,5
63956,1,1
64711,1,5
28130,1,8
68823,1,9
68949,1,2
N,1234,1,10,7
32455,1,4
39625,1,10
53607,1,4
11486,1,5
58563,1,8
31974,1,6
31423,1,4
P,2,9,1026,2422.94
N,2046,1,10,7
24294,1,1
31587,1,6
38107,1,5
55879,1,10
72931,1,6
38631,1,1
48839,1,5
N,1154,1,10,15
13798,1,7
29859,1,6
79546,1,5
31074,1,4
10037,1,3
13511,1,8
57061,1,8
53959,1,5
73349,1,1
43989,1,9
16095,1,1
81631,1,1
95319,1,1
14278,1,7
73066,1,9
N,2787,1,10,9
98022,1,6
5623,1,8
15070,1,7
12094,1,4
32421,1,6
5634,1,3
29798,1,5
80358,1,1
31970,1,5
N,2810,1,10,11
55766,1,1
15744,1,3
72283,1,6
81511,1,6
65670,1,4
50819,1,2
3969,1,6
79327,1,5
89186,1,10
79461,1,1
72287,1,2
N,298,1,10,12
52255,1,8
3975,1,9
47779,1,10
5697,1,5
56457,1,7
55958,1,7
19613,1,2
63204,1,8
51300,1,1
73313,1,4
98023,1,7
6078,1,9
P,3,4,2051,3479.41
N,1715,1,10,12
89811,1,2
13479,1,4
26327,1,10
88351,1,6
40673,1,3
31455,1,7
82085,1,4
24167,1,10
775,1,4
56896,1,2
29796,1,2
39457,1,5
N,1283,1,10,12
57049,1,9
14433,1,2
21959,1,9
15845,1,3
88659,1,2
96935,1,6
89698,1,3
9683,1,9
28340,1,8
20134,1,5
91600,1,9
94666,1,5
P,1,10,1482,296.08
N,2915,1,10,15
98017,1,4
97493,1,3
46911,1,3
43750,1,1
40163,1,5
33649,1,4
73381,1,8
72423,1,8
29911,1,1
1955,1,9
64615,1,10
27222,1,5
47748,1,5
85475,1,7
24131,1,4
N,1211,1,10,5
21989,1,3
48796,1,7
81639,1,9
24290,1,10
56265,7,10
P,1,10,1283,1259.59
N,1247,1,10,12
47463,1,3
18915,1,4
89831,1,8
66789,1,2
82469,1,4
13889,1,10
35302,1,9
87746,1,10
71271,1,8
80469,1,10
5703,1,6
13319,1,4
D,1,6
N,541,1,10,7
99773,1,7
93910,4,2
11971,1,4
46566,1,4
77536,1,1
28883,1,9
54983,1,9
P,1,10,1281,4712.41
I,1,10,41
S,1,10,18,22
N,267,1,10,5
46039,1,3
24287,1,10
48870,1,3
88798,1,7
30361,1,3
N,2784,1,10,8
36551,1,10
1919,1,2
47547,1,5
40597,1,8
24224,1,6
40676,1,9
97855,1,3
30389,1,8
P,1,10,43,3771.7
P,1,10,1091,137.98
P,1,10,1202,4841.06
P,1,10,883,466.87
P,1,10,2051,1990.23
N,1530,1,10,9
89814,1,3
88805,1,3
19687,1,5
32163,1,1
48822,1,1
1847,1,1
97735,1,8
34327,1,2
11126,1,7
N,1536,1,10,5
61150,1,1
6191,1,4
23270,1,9
64133,1,5
10946,1,8
N,1795,1,10,10
6175,1,9
39907,1,5
15079,1,1
2877,1,1
60135,1,3
89703,1,5
81559,1,7
31411,1,3
47845,1,3
44764,1,6
N,1251,1,10,10
32455,1,10
64231,1,8
32133,1,1
77471,1,3
16103,1,4
61095,8,5
54707,1,4
46053,1,6
1597,1,5
11043,1,9
O,1,10,2050
N,2297,1,10,11
48199,1,10
57063,1,2
30534,1,10
2039,1,10
32599,1,7
50663,1,5
80614,1,10
38623,1,8
93411,1,1
11331,1,6
97986,1,5
P,1,10,475,4838.77
P,1,10,2303,2327.33
P,1,10,515,1035.28
N,2835,1,10,12
23270,1,9
60467,1,1
69093,1,1
12989,1,8
73271,1,4
64975,1,1
87767,1,6
50255,1,1
43939,1,7
56998,1,3
32391,1,5
23269,1,5
N,1261,1,10,6
68991,1,9
79303,1,3
94695,1,6
9662,1,4
27302,1,8
65254,1,8
D,1,1
D,1,4
N,2035,1,10,10
80255,1,9
32471,1,1
66151,1,5
97931,1,2
46687,1,9
55429,1,3
77506,1,4
81127,1,4
89687,1,2
88711,1,2
N,1151,1,10,9
24295,1,10
97989,1,8
4660,1,7
25573,1,4
54917,1,1
81063,1,6
80860,1,4
92354,1,7
29649,1,7
D,1,4
O,1,10,1027
N,451,1,10,9
95814,2,3
97875,1,1
19943,1,1
44657,1,5
56549,1,3
44707,1,3
40103,1,3
22483,1,9
16031,1,4
N,2775,1,10,5
64231,1,4
1091,1,4
87527,1,6
71383,1,10
11319,1,3
N,1283,1,10,8
93902,1,6
60003,1,10
14775,1,9
1822,1,5
70183,1,5
6084,1,7
48351,1,1
61587,1,7
P,3,9,2267,2408.98
P,1,10,67,2685.6
P,1,10,2299,4983.65
I,1,10,44
N,1659,1,10,6
5213,1,5
73182,1,1
58854,1,9
76454,1,6
76047,1,5
23871,1,3
P,1,10,2243,4380.67
P,1,10,2218,3957.8
P,1,10,73,2344.09
P,1,10,2803,880.8
N,1020,1,10,7
85222,1,1
64165,1,4
63066,1,6
97495,1,7
6215,1,5
97621,1,1
20119,1,2
N,74,1,10,7
48024,1,9
36254,1,5
40226,1,6
21474,1,5
35879,1,5
80867,1,10
30686,1,6
N,51,1,10,13
38630,1,6
6119,1,8
32455,1,7
24019,1,10
78567,1,7
567,1,6
46309,1,7
65247,1,4
57061,1,9
56997,1,5
38487,1,8
28005,1,7
40518,1,7
N,994,1,10,5
35750,1,9
14294,1,9
14004,1,9
22237,1,5
32469,1,1
N,2936,1,10,5
9926,1,9
92567,1,4
87767,1,2
48071,1,2
56479,1,7
P,1,10,311,3695.55
P,7,10,1763,4540.5
N,2144,1,10,12
23910,1,5
89190,1,7
32426,1,8
46615,1,8
48485,1,2
96742,1,6
20659,1,7
4990,1,4
12007,1,10
56479,1,1
48827,1,8
81597,1,1
N,1875,1,10,7
16053,1,6
48743,1,3
89382,1,1
40387,1,8
64055,1,2
71354,1,2
55002,1,6
P,1,10,327,94.54
P,1,10,767,2506.21
P,1,10,1407,3236.13
P,1,10,771,98.96
N,203,1,10,8
71007,1,2
40295,1,5
13647,1,10
10657,1,8
59074,1,8
69190,1,9
39271,1,9
56963,1,9
N,203,1,10,6
79281,1,2
92707,1,9
16061,1,4
15823,1,9
6151,1,1
6078,1,1
D,1,3
P,1,10,1211,1660.56
P,1,10,1234,4471.12
O,1,10,315
N,2131,1,10,11
72887,1,4
32071,1,8
15679,1,10
48326,1,7
83685,1,8
6021,1,8
32455,1,9
6199,1,6
72231,1,8
64487,1,6
95811,1,7
N,326,1,10,12
23525,1,1
48663,1,10
47335,1,10
97956,1,3
15717,1,10
77219,1,9
80599,1,10
32211,1,6
14503,1,5
15015,1,3
32485,1,5
19940,1,4
P,1,10,1280,1926.81
N,1251,1,10,7
89319,1,9
71395,1,7
89255,1,6
28887,1,6
76833,1,8
39885,1,8
91485,1,4
N,1149,1,10,9
72578,1,3
15015,1,2
88533,1,5
63639,1,10
24263,1,5
57061,1,6
63612,1,8
31845,1,10
69673,1,2
P,1,10,331,3319.63
N,27,1,10,11
56885,1,9
88795,1,3
87705,1,6
26273,1,5
47847,1,9
14971,1,9
48678,1,7
39521,1,2
89575,1,5
5429,1,8
15087,1,8
P,1,10,329,2947.44
N,2280,1,10,7
11493,1,6
95881,1,7
97697,1,10
88807,1,6
64223,1,1
26087,1,8
79123,1,1
P,1,10,983,2201.2
P,1,10,2819,3889.16
N,2819,1,10,12
97975,1,7
16077,1,9
70751,1,1
40667,1,4
81635,1,9
40677,1,1
68058,1,10
36547,1,4
72927,1,6
63715,1,10
38596,1,9
48342,1,1
N,2194,1,10,6
39906,1,4
81313,1,6
44578,1,3
97315,1,3
53991,1,9
85991,1,10
P,1,10,1783,1310.89
P,1,10,1754,1864.31
P,1,10,2238,3066.7
N,2515,1,10,5
95271,1,6
77980,1,2
57059,1,9
64611,1,10
2087,1,4
S,1,10,17,46
P,1,10,2819,350.55
O,1,10,247
N,2655,1,10,9
4583,1,10
23603,1,3
59077,1,10
22231,1,1
23653,1,2
15924,1,8
6071,1,10
19941,1,2
65255,1,4
N,2275,1,10,10
59878,1,4
66839,1,6
47828,1,3
45020,1,5
70230,1,4
54493,1,4
9947,1,3
19135,1,7
55779,1,3
48327,1,6
N,331,1,10,14
7206,1,10
93414,1,8
27299,1,3
16062,1,1
96101,1,2
93925,1,6
4075,1,9
79589,1,4
23959,1,3
79975,1,9
83027,1,5
30914,1,4
89679,1,9
77415,1,3
N,2064,1,10,11
38627,1,1
87399,1,2
36487,1,2
11719,1,10
63985,1,10
81062,1,5
32487,1,3
98023,1,10
12755,1,10
97895,1,6
89563,1,4
P,1,10,72,3132.34
P,1,10,197,3365.68
N,107,1,10,6
16023,1,9
87710,1,8
95847,1,7
21458,1,5
63203,1,6
73143,1,9
S,1,10,20,39
P,7,9,2291,3365.32
P,1,10,1003,4100.89
N,1234,1,10,8
98007,1,4
26727,1,9
91687,1,6
89815,1,3
54503,1,1
58599,1,10
20071,1,7
81055,1,4
D,1,10
N,2178,1,10,7
72932,1,3
60087,1,5
4675,1,6
47827,1,10
13895,1,10
31367,1,10
12006,1,9
P,1,10,329,3285.84
S,1,10,17,44
N,2299,1,10,9
10469,1,1
1813,1,4
68838,1,8
43612,1,2
69287,1,5
15573,1,10
2110,1,9
65185,1,9
61095,1,8
N,331,1,10,9
48839,1,4
73100,1,7
30399,1,8
52909,1,6
23635,1,9
97951,1,3
29158,1,1
78503,1,6
38503,1,8
P,1,10,1121,1109.77
N,1217,1,10,10
48821,1,2
75092,1,9
16070,1,10
88292,1,6
57055,1,9
82310,1,6
20162,1,2
70314,1,3
13591,1,3
15539,1,5
N,2243,1,10,12
45667,1,3
65127,1,3
16071,1,7
80867,1,5
64727,1,7
15969,1,6
56994,1,7
81437,1,8
3140,1,9
22055,1,8
57045,1,4
13508,1,5
P,1,10,2306,1090.95
P,1,10,275,4643.44
P,1,10,2179,1657.85
N,1153,1,10,8
3138,1,9
3902,1,8
62053,1,3
31975,1,9
14555,1,6
16095,3,5
32453,1,1
64543,1,1
