I,2,1,34
P,2,1,2299,1379.67
N,2907,2,1,5
93787,2,3
40387,2,3
64100,2,1
72999,2,4
86625,2,5
N,995,2,1,15
77543,2,6
12487,2,1
1095,2,2
30436,2,7
5823,6,8
15847,2,1
11847,2,5
16100,2,8
60999,2,9
16101,2,3
48839,2,1
93895,2,8
46269,2,8
81605,2,2
97959,2,4
P,2,1,2685,3230.08
N,1023,2,1,10
48803,2,4
32471,2,2
68063,2,7
23527,2,7
98007,2,8
38557,2,10
4806,2,1
48819,2,9
64416,2,6
6144,2,2
N,2231,2,1,7
54494,2,4
83682,2,3
45383,2,5
64706,2,5
11429,2,6
36055,2,10
39589,2,8
N,2297,2,1,10
1830,2,10
81036,2,5
37942,2,1
9765,2,1
73050,2,3
79494,2,5
95399,2,8
52438,2,10
81607,2,10
36119,2,3
N,2341,2,1,12
40677,2,4
4643,2,8
81635,2,5
46309,2,3
31703,2,6
85095,2,5
91831,2,9
92903,2,1
38085,2,6
60903,2,7
84647,2,8
81495,2,7
P,2,1,2043,2838.95
D,2,1
D,2,8
P,2,1,2499,4959.35
N,2783,2,1,11
19003,2,10
5701,2,1
95932,2,6
81626,2,5
24279,2,5
79445,2,10
5839,2,4
47606,2,6
32095,2,3
98007,2,7
16075,2,9
N,2018,2,1,11
47797,2,3
87779,2,10
9703,2,10
69279,2,9
40031,2,6
23127,2,5
28246,2,6
94679,2,10
97383,2,9
68039,2,2
75478,2,1
P,2,1,2181,1260.64
N,2069,2,1,7
6213,2,7
89287,2,9
16099,2,4
57029,2,8
15973,2,1
16038,2,6
48807,2,5
N,1891,2,1,14
32356,2,7
47823,2,5
73095,2,9
40478,2,1
15335,2,10
97693,2,4
97863,2,2
42501,2,9
45798,2,5
40158,2,7
70863,2,5
32359,2,4
38039,2,3
54662,2,2
P,2,1,2045,785.91
N,491,2,1,10
77475,2,2
16103,2,4
40657,2,7
73235,2,10
19251,2,9
52900,2,8
88675,2,3
73287,2,1
27783,2,10
73413,2,9
N,167,2,1,15
67431,2,8
5954,2,10
70337,2,5
78643,2,3
48427,2,8
43237,2,7
97959,2,5
23415,2,7
64679,2,2
88478,2,7
23,2,10
40423,2,7
29276,2,2
14789,2,6
64732,6,1
N,1187,2,1,8
44199,2,6
72481,2,3
14557,2,2
44249,2,1
52927,2,4
56034,2,10
71382,2,7
48547,2,6
S,2,1,15,49
P,2,1,2002,399.58
N,292,2,1,11
56983,2,3
73054,2,7
40655,2,10
23126,2,10
81575,2,8
44135,2,1
89691,2,4
48359,2,10
73307,2,6
61959,2,10
87247,2,1
P,2,1,2274,4531.93
N,2814,2,1,8
12214,2,1
80583,2,8
94430,2,6
19399,2,3
79967,2,3
6140,2,10
85479,2,2
40659,2,3
N,1214,2,1,7
64607,2,9
40647,2,9
68148,2,7
6165,2,4
30364,2,1
65206,2,5
40611,2,1
P,2,1,2683,323.15
N,7,2,1,15
94367,2,6
56031,2,6
31413,2,9
44263,2,3
98014,2,10
73383,2,5
12211,2,4
71111,2,10
95879,2,6
72166,2,1
94675,2,2
16101,2,1
22935,2,3
4039,2,4
8725,2,5
P,2,1,2275,773.21
I,2,1,27
P,2,1,959,1381.1
N,731,2,1,11
24295,2,2
67446,2,1
39525,2,4
40455,2,8
40663,2,6
48851,2,10
96971,2,10
16090,2,8
88996,2,3
38484,2,8
71391,2,6
N,1279,2,1,7
97858,2,5
89767,2,7
69335,2,6
3579,2,6
14992,2,8
83557,2,1
80867,2,10
P,2,1,251,704.01
P,2,1,1119,1938.44
N,2747,2,1,10
27271,2,6
40487,2,1
52669,2,7
31446,2,1
95845,2,1
97951,2,1
7864,2,3
47813,2,4
79526,2,7
65093,2,2
S,2,1,17,29
N,2179,2,1,14
30437,2,1
56851,2,10
73435,2,2
10305,2,4
65125,2,9
31461,2,3
61103,2,10
10295,2,6
8243,2,4
97888,2,2
31439,2,2
27594,2,4
61794,2,10
12247,2,7
P,2,1,883,1059.04
N,71,2,1,11
4147,2,4
18087,2,6
47254,2,8
15073,2,5
6213,2,9
76487,2,7
65255,2,10
73190,2,6
89815,2,7
31206,2,8
54722,2,6
N,1274,2,1,12
91783,2,10
1671,2,5
24039,2,10
32483,2,9
40455,5,7
42599,2,4
89799,2,8
22179,2,7
32439,2,2
81526,2,3
12703,2,5
10977,2,3
D,2,4
P,2,1,2817,4651.33
N,59,2,1,12
46638,2,5
4766,2,1
48359,2,7
15077,2,3
60103,2,7
48483,2,5
93927,2,3
68966,2,1
44289,2,2
81638,2,10
27316,2,2
48583,2,5
P,2,1,2303,2144.44
N,285,2,1,13
62914,2,8
14555,2,7
45787,2,4
53926,2,6
85731,2,8
16071,2,5
85702,2,2
9207,2,7
13379,2,6
32479,2,5
73447,2,10
58979,2,9
18599,2,8
I,2,1,39
N,2267,2,1,12
19172,2,5
46815,2,2
89733,2,5
32486,2,4
80871,2,1
79527,2,4
95439,2,6
95445,2,10
65187,2,5
72415,2,5
6215,2,4
70055,2,2
P,2,1,229,3998.9
N,1278,2,1,13
28382,2,4
4135,2,5
72633,2,7
59749,2,4
72935,2,1
95842,2,2
48287,2,3
57030,2,4
95803,2,9
97119,2,3
81376,2,5
81570,2,4
32199,2,1
P,5,2,2811,489.97
N,1147,2,1,6
48544,2,3
30423,2,1
31653,2,9
80615,2,7
61907,2,10
64672,2,9
P,2,1,329,224.46
P,2,1,2531,673.4
N,2803,2,1,14
31909,2,1
64615,2,4
44741,2,6
23231,2,3
39655,2,1
97255,2,3
48855,2,8
3837,2,5
9991,2,9
96863,2,8
20647,2,9
68325,2,6
32479,2,10
40671,2,6
P,2,1,199,4463.69
N,1923,2,1,5
32229,2,3
66999,2,10
7235,2,7
38556,2,9
79238,2,1
P,2,1,266,2391.14
I,2,1,36
I,2,1,21
P,8,8,515,4372.64
P,4,1,1281,3361.28
P,7,10,1147,2311.05
N,2051,2,1,6
71379,2,5
31939,2,10
80135,2,4
4355,2,6
1603,2,9
73150,2,4
P,2,1,635,934.2
P,2,1,507,1823.48
P,2,1,1129,2546.9
N,2218,2,1,12
54758,2,10
65246,2,9
4159,2,7
13629,2,9
14563,2,8
93799,2,7
60955,2,9
47835,2,6
4103,2,7
81565,2,1
15847,2,5
57030,2,1
N,1127,2,1,12
88743,2,10
95127,2,10
48803,2,4
21094,2,8
23300,5,10
32294,2,10
65204,2,7
2103,2,1
54399,2,8
19686,2,6
12115,2,10
98019,2,2
P,2,1,320,1550.71
N,1695,2,1,15
93555,2,9
89831,2,8
89799,2,10
81559,2,9
56963,2,5
89799,2,7
77028,2,1
14047,2,1
79527,2,8
39007,2,2
89573,2,3
38631,2,5
97855,2,1
89573,2,6
51933,2,6
S,2,1,10,39
N,2779,2,1,13
13543,2,9
5687,2,5
96962,2,1
13667,2,10
60875,2,5
59911,2,10
73443,2,8
85670,2,1
88213,3,6
40477,2,7
3638,2,7
57055,2,10
23008,2,8
N,330,2,1,13
13375,2,1
35204,2,1
29343,2,2
43797,2,4
10800,2,4
14053,2,1
60909,2,5
97463,2,10
73447,2,3
65247,2,1
6007,2,8
48678,2,10
5959,2,4
N,1859,2,1,9
40645,2,7
65087,2,4
97829,2,1
22177,2,2
97767,2,7
4899,2,4
36567,2,8
95814,2,8
35558,2,4
N,2776,2,1,11
97765,2,7
46102,2,6
64231,2,3
88110,2,8
2051,2,3
89682,2,10
39515,2,5
89814,2,9
64188,2,8
17630,2,7
80803,2,2
N,2219,2,1,12
78919,2,3
52759,2,5
48743,2,9
12807,2,8
21862,2,2
24231,2,5
86215,2,7
87759,2,5
15589,2,2
89727,2,10
72534,2,1
55647,2,5
N,331,2,1,14
93798,2,9
60869,2,7
40391,2,1
97106,2,1
70035,2,4
45287,2,5
30905,2,7
40679,2,4
64935,2,2
97914,2,7
4599,2,4
46823,2,4
85703,2,1
14011,2,1
N,1783,2,1,11
38101,2,7
36069,2,2
38627,2,7
89655,2,3
60628,2,10
39367,2,7
64983,2,9
16059,2,6
85475,2,5
1826,2,8
15830,2,3
P,2,1,1218,2580.31
N,2195,2,1,15
5174,2,8
1050,2,10
88551,2,7
48845,2,9
89831,2,8
40674,2,1
87487,2,2
15759,2,9
9925,2,2
78231,2,5
77921,2,10
22756,2,7
3719,2,10
40633,2,9
5639,2,9
P,4,5,1791,1790.64
P,2,1,1399,4615.28
P,2,1,1241,4012.79
P,3,5,325,883.87
I,2,1,23
I,2,1,20
I,2,1,20
N,331,2,1,15
44263,2,10
32149,2,6
97251,2,9
63955,2,1
56479,2,3
72789,2,7
4393,2,5
77477,2,10
5431,2,10
6005,2,7
55840,2,7
32195,2,6
55879,2,10
40679,2,2
13307,2,8
N,2306,2,1,15
5079,2,9
70359,2,7
12839,2,7
43719,2,1
40659,2,7
67235,2,5
4679,2,4
30813,2,1
59079,2,5
80487,2,10
97231,2,4
5446,2,3
30855,2,8
72416,2,2
45719,2,1
N,1274,2,1,12
14055,2,6
29317,2,8
24007,2,4
6149,2,7
56678,2,5
16087,2,4
96993,2,8
65191,2,5
87762,2,3
73375,2,6
64972,2,7
42279,2,1
P,2,1,2225,1813.29
N,1976,2,1,15
40647,2,10
30787,2,1
72343,2,4
32215,2,10
81631,2,4
25729,2,10
73445,2,8
79011,2,9
48001,2,7
36391,2,4
89703,2,6
52679,2,5
14066,2,10
60079,2,7
36309,2,9
S,2,1,15,48
N,1981,2,1,8
15813,2,5
80991,2,9
16102,2,1
44637,2,7
83511,2,3
89831,2,8
15975,2,2
65231,2,3
N,323,2,1,14
13893,2,8
85599,2,7
73350,2,7
88739,4,1
6183,2,8
56935,2,3
1811,2,6
73447,2,2
35462,2,7
62140,2,7
88294,2,4
23234,2,9
54759,2,2
11323,2,1
I,2,1,32
N,427,2,1,14
19942,2,10
44423,2,6
52966,2,3
55005,2,10
79878,2,2
20189,2,2
15527,2,9
48615,2,1
13940,2,7
93311,2,5
821,2,3
56501,2,7
97491,2,5
73382,2,2
S,2,1,15,38
S,2,1,14,33
N,673,2,1,5
70876,2,6
32454,2,3
73415,2,4
81599,2,7
97607,2,2
P,2,1,2307,1465.24
N,2275,2,1,10
46308,2,5
37511,2,5
2119,2,9
20057,2,9
64015,2,9
32083,2,1
64135,2,3
16054,2,5
11878,2,8
99043,2,6
D,2,8
P,1,1,2147,1512.23
N,1219,2,1,12
23207,2,7
97115,2,1
79587,2,10
37831,2,5
30374,2,7
91357,2,3
32231,2,8
67302,2,6
57047,2,3
61769,2,7
62803,2,4
97893,2,2
P,2,1,330,3349.6
N,281,2,1,15
69286,2,4
55525,2,7
40639,2,2
61029,2,9
95967,2,1
86247,2,3
54885,2,10
97885,2,6
39615,2,7
15799,2,1
14034,2,9
70623,2,4
96999,2,2
34262,2,6
98015,2,3
N,1155,2,1,6
97927,2,9
81615,2,2
73122,2,6
89446,2,5
23261,2,3
87647,2,2
S,2,1,17,40
N,1024,2,1,10
56807,2,8
93829,2,6
87175,2,7
52842,2,4
6215,2,10
73319,2,3
37027,2,8
89051,2,6
16097,2,10
65750,2,3
N,999,2,1,8
48795,2,5
40517,2,2
89751,2,5
96418,2,2
87735,2,7
81639,2,2
77471,2,4
64871,2,4
N,1283,2,1,13
6151,2,9
40671,2,8
95689,2,7
97898,2,10
38629,2,9
91495,2,7
71301,5,2
3111,2,9
15843,2,5
15654,2,8
32311,2,5
81407,2,2
52933,2,7
O,2,1,1875
P,2,1,2305,2748.13
P,2,1,235,2423.57
P,2,1,51,1258.77
I,2,1,33
P,6,5,299,210.05
D,2,2
I,2,1,31
I,2,1,46
P,8,1,1709,497.09
O,2,1,1267
P,2,1,705,4186.08
N,2297,2,1,12
31203,2,4
2631,2,5
32487,2,6
35045,2,10
52965,2,5
11463,2,7
96985,2,5
77543,2,6
79559,2,2
97381,2,3
72918,2,6
56972,2,6
P,2,1,235,2138.52
P,2,1,2297,3535.62
P,2,1,2305,3973.1
P,1,2,1255,3206.25
P,2,1,1242,3012.86
P,2,1,2991,1955.88
O,2,1,329
P,2,1,2242,444.89
P,2,1,203,4502.02
N,1151,2,1,5
86567,2,6
20518,2,3
32471,2,2
38245,2,7
79075,2,4
P,2,1,313,1050.38
N,1243,2,1,8
65255,2,6
89319,2,7
2118,2,3
45159,2,3
85605,2,9
41677,2,8
24294,2,3
23707,2,7
P,2,1,2179,3548.44
N,1153,2,1,14
44503,2,1
39439,2,7
32103,2,7
70887,2,6
93915,2,5
81127,2,4
56793,2,8
32471,2,7
81296,2,4
16089,2,6
28116,2,5
95181,2,10
20934,2,3
48611,2,2
S,2,1,13,21
N,1211,2,1,13
86681,2,6
73446,2,5
4038,2,6
95879,2,1
81605,2,5
32455,2,10
72215,2,2
16983,2,8
4143,2,10
64127,2,9
37243,2,6
64999,2,3
65215,2,6
N,328,2,1,8
48857,2,9
69351,2,8
48727,2,10
24279,2,10
71397,2,8
40351,2,4
29925,2,4
97933,2,1
N,2279,2,1,11
73358,2,3
32347,2,1
32167,2,8
15189,2,2
42719,2,3
89798,2,2
43335,2,7
71325,2,2
9638,2,5
16039,2,2
68503,2,10
I,2,1,21
N,763,2,1,12
77983,2,9
6181,2,9
6198,2,3
56359,2,9
26723,2,7
61135,2,5
98019,2,9
54759,2,6
5947,2,8
38447,2,8
32479,2,9
97987,2,1
P,2,1,946,4140.21
P,2,1,1762,2401.5
P,2,1,835,1302.43
P,2,1,251,793.38
N,51,2,1,14
31831,2,4
73445,2,1
62807,2,10
73141,2,3
32487,2,7
51943,2,4
48547,2,7
57058,2,9
15847,2,4
27491,2,10
52643,2,1
1471,2,3
73185,2,2
83790,2,6
N,1003,2,1,9
52194,2,6
81630,2,8
64095,2,6
89298,2,8
10982,2,4
2501,2,6
69335,2,10
91703,2,3
97749,2,7
P,1,8,275,4222.92
P,2,1,242,3812.78
P,2,1,1275,567.53
P,4,10,1083,1415.21
P,2,1,2819,2215.53
N,66,2,1,7
88128,2,5
81493,2,2
48741,2,3
30431,2,3
56678,2,4
38591,2,1
30412,2,10
O,2,1,2275
I,2,1,43
N,2299,2,1,12
23269,2,2
89249,2,7
48349,2,3
86623,2,3
21701,2,2
48229,2,1
48597,2,3
88782,2,2
31135,2,3
18006,2,5
40651,2,9
16023,2,9
N,171,2,1,10
58843,2,9
23973,2,3
2541,2,8
47669,2,7
9668,2,2
87655,2,5
28359,2,7
24199,2,10
48596,2,8
21223,2,6
P,2,1,899,4835.1
P,6,2,2243,3716.71
N,69,2,1,8
48743,2,4
93380,2,10
68966,2,4
81381,2,8
4167,2,8
99922,2,6
56023,2,9
1094,2,5
N,1271,2,1,12
47813,2,3
39503,2,6
80614,2,9
51637,2,7
15015,2,8
15079,2,2
34527,2,2
15583,2,4
59076,2,2
81574,2,1
4090,2,9
39639,2,1
P,2,1,329,4111.37
D,2,6
N,1147,2,1,7
73239,2,5
47830,2,9
30150,2,9
40678,2,9
87607,5,8
40035,2,4
48409,2,6
P,2,1,833,1325.32
S,2,1,19,22
P,7,8,1086,1043.97
P,2,1,2019,3487.3
N,2851,2,1,6
3047,2,10
11808,2,1
65255,2,4
31655,2,6
31971,2,4
65253,2,4
N,1232,2,1,14
95695,2,9
5573,2,8
55526,2,5
67975,2,6
13030,2,2
27334,2,8
85711,2,1
32127,2,5
4140,2,5
29749,2,8
56803,2,9
56967,2,3
40541,2,8
72935,2,5
P,2,1,2947,2146.21
P,2,1,701,468.14
N,68,2,1,12
74595,2,8
23779,2,8
97831,2,9
56807,2,6
19301,2,7
22103,2,4
36031,2,8
69250,2,4
57011,2,4
73373,2,9
97927,2,7
65191,2,9
P,2,1,57,4859.31
N,1246,2,1,5
27877,2,2
85463,2,7
14003,2,2
97221,2,3
81639,2,10
N,2290,2,1,11
65240,2,6
31975,2,8
4167,2,2
38439,2,8
48855,2,5
43463,2,6
31453,2,3
48230,2,5
35227,2,2
68804,2,2
30101,2,4
P,2,1,2303,1853.25
N,2818,2,1,9
89638,2,5
5703,2,2
72145,2,8
75415,2,8
80421,2,1
88039,2,2
16103,2,9
89287,2,3
62050,2,3
P,2,1,2786,3152.98
P,5,6,329,590.2
N,1281,2,1,14
73430,2,5
15967,2,5
45773,2,6
20198,2,9
65252,2,1
61077,2,9
31395,2,5
97351,2,9
73407,2,5
22111,2,9
5178,2,6
49894,2,7
48871,2,8
3887,2,1
P,2,1,323,4824.22
P,2,1,2179,1099.98
P,2,1,329,3342.22
P,2,1,1027,2469.38
N,1281,2,1,13
48603,2,1
16103,2,6
99043,2,2
34471,2,8
88679,2,6
48293,2,1
4039,2,10
97871,2,4
48615,2,9
73364,2,8
63975,2,9
6148,2,5
24259,2,2
P,2,1,152,2357.81
S,2,1,10,27
N,2004,2,1,14
1547,2,2
65159,2,9
36558,2,10
85665,2,4
91842,2,10
48341,2,6
40679,2,8
5623,2,9
60069,2,2
41700,2,9
5957,2,2
73446,2,1
98004,2,8
24013,2,6
P,2,1,2019,3817.54
O,2,1,1659
N,2291,2,1,5
1957,2,4
11711,2,5
97427,2,5
24227,2,10
24037,2,1
P,2,1,853,1171.65
N,1647,2,1,11
8646,2,10
1031,2,8
96945,2,1
23254,2,8
87271,2,10
81491,2,7
74215,2,4
72295,2,3
15331,2,10
14559,2,9
89557,2,9
P,2,1,2291,1079.32
N,2563,2,1,5
55015,2,9
65191,2,10
89491,2,3
80911,2,7
76387,2,4
O,2,1,1279
P,2,1,133,3887.12
N,267,2,1,11
32351,2,1
34502,2,8
6215,2,8
52943,2,1
28359,8,1
89319,2,3
2918,2,2
31942,2,1
5927,2,10
48867,2,4
67238,2,10
N,315,2,1,8
83679,2,10
94786,2,9
51799,2,9
38627,2,6
69350,2,4
53427,2,9
65246,2,7
24247,2,7
N,877,2,1,13
4775,2,9
54855,2,6
6119,2,1
38628,2,9
32166,2,4
28386,2,3
23780,2,7
5628,2,2
81630,2,10
48798,2,7
80615,2,3
97927,2,2
14406,2,3
P,3,3,331,1067.76
N,2179,2,1,10
80090,2,5
39335,2,9
97764,2,7
98023,8,6
97877,2,3
7119,2,4
56455,2,2
97939,2,8
30749,2,7
72933,2,2
P,2,1,2266,4808.67
P,2,1,11,765.85
N,2306,2,1,12
27023,2,5
61109,2,3
93925,2,2
21223,2,10
1589,2,5
81628,2,7
89805,2,1
65206,2,4
15487,2,6
79585,2,10
44002,2,9
6207,2,2
N,1715,2,1,13
31952,2,6
17575,2,8
23742,2,10
21975,2,10
69351,2,9
88295,2,5
81102,2,5
73439,2,9
89831,2,5
73183,2,2
97936,2,5
16099,2,10
72416,2,1
P,2,1,1791,4541.98
D,2,7
D,2,4
N,321,2,1,13
79310,2,1
5631,2,5
10211,2,3
24293,2,7
94373,2,1
31463,2,1
69350,2,7
35462,2,6
36325,2,2
24294,2,5
63495,2,4
36583,2,10
77479,2,9
P,2,1,165,2478.9
N,555,2,1,12
73431,2,3
31974,2,10
61859,2,10
56775,2,5
38500,2,9
80103,2,3
85990,2,1
84326,2,4
39975,2,1
89831,2,3
30947,2,9
81126,2,5
P,2,1,2269,550.61
D,2,7
N,1763,2,1,15
80439,2,10
97595,2,2
55015,2,4
24292,2,9
87303,2,2
59966,2,1
89591,2,4
16099,2,1
31167,2,10
66778,2,9
6115,2,2
20198,2,4
38502,2,7
88990,2,8
96359,2,5
P,2,1,1671,1399.23
N,38,2,1,8
23106,2,4
14439,2,4
36901,2,9
81503,2,3
22292,2,5
14563,2,4
34533,2,6
89223,2,3
