N,2011,2,1,8
55487,2,7
29987,2,8
56935,2,7
73442,2,3
31831,2,8
87079,2,3
14021,2,1
5191,2,7
N,975,2,1,8
32345,2,2
44644,2,10
18515,2,10
56550,2,6
61138,2,1
56611,2,1
40563,2,8
6596,2,2
P,2,1,1282,4498.4
P,2,1,1772,2226.34
I,2,1,25
P,2,1,1587,178.24
P,8,2,2801,1370.24
I,2,1,49
P,2,1,1259,2331.88
P,2,1,1623,3050.97
N,176,2,1,6
88517,2,7
73438,2,9
96787,2,8
67102,2,8
30183,2,8
56802,2,9
P,2,1,2178,3996.95
P,2,1,53,2646.79
P,1,6,2047,3703.62
N,769,2,1,15
62042,2,3
52070,2,2
89575,2,5
2111,2,3
16103,2,9
5634,2,9
43969,2,4
11960,2,10
48483,2,1
21730,2,10
44726,2,9
52967,2,10
31268,2,10
32095,2,5
14514,2,10
P,2,1,2235,2066.15
P,2,1,2972,3546.33
I,2,1,46
O,2,1,2174
N,2307,2,1,13
29409,2,8
80614,2,1
46547,2,8
23351,2,10
80579,2,3
93655,2,1
79591,2,4
73443,2,1
87527,2,5
40551,2,10
97759,2,4
32423,2,9
27171,2,9
P,4,7,323,2405.07
O,2,1,2611
P,2,1,203,552.77
N,312,2,1,11
6209,2,8
40660,2,7
81097,2,1
3574,2,3
62908,2,8
60903,2,9
22722,2,8
36580,2,1
81373,2,8
89809,2,5
16038,2,7
N,718,2,1,10
65127,2,8
26551,2,1
16103,2,10
98023,2,5
21209,2,4
71205,2,10
64743,2,9
55015,2,7
15027,2,4
98783,2,10
P,4,10,283,3491.27
N,765,2,1,8
96925,2,4
5703,2,4
83167,2,8
9910,2,2
23239,2,3
23655,2,5
56911,2,7
9954,2,6
D,2,2
N,59,2,1,12
48839,2,9
44759,2,5
22628,2,6
19926,2,5
65255,2,6
89446,2,4
16039,2,2
52887,2,6
57063,2,4
85729,2,8
61911,2,7
56982,2,10
N,2051,2,1,15
20194,2,3
38599,2,1
79455,2,10
64707,2,9
63975,2,5
71205,2,9
27239,2,3
89750,2,2
31206,2,6
56347,2,5
51879,2,8
94949,2,10
31335,2,7
98022,2,10
31447,2,1
D,2,10
P,2,1,2770,815.41
P,2,1,2030,3150.08
P,2,1,235,2269.4
N,155,2,1,6
93645,2,3
6115,2,3
89823,2,8
73396,2,3
24095,2,4
55471,2,5
N,1279,2,1,9
87781,2,7
91863,2,3
89313,2,10
89271,2,7
24014,2,10
57059,2,6
31463,2,9
40673,2,2
83495,2,1
P,2,1,1969,2186.51
N,186,2,1,12
36067,2,8
93883,2,5
29383,2,1
70727,2,2
22746,2,4
80883,2,4
10165,2,5
72903,2,2
15971,2,10
92355,2,10
24279,2,4
48583,2,10
N,2307,2,1,13
79591,2,9
75334,2,10
22951,2,1
89442,2,1
84447,2,4
72421,2,7
69199,2,6
76517,2,6
32231,2,9
85595,2,10
64159,2,6
11548,2,8
54978,2,7
N,878,2,1,9
27335,2,10
89767,2,4
89283,2,4
64483,2,8
55779,2,3
39015,2,3
97895,2,10
36135,2,7
91277,2,9
N,990,2,1,9
56006,2,10
64150,2,10
15575,2,5
29118,2,1
16551,2,4
8261,2,4
73389,2,8
57003,2,3
95735,2,1
N,299,2,1,15
31326,2,3
3509,2,3
73430,2,7
22247,2,9
40167,2,8
39559,2,7
72286,2,9
16071,2,9
57011,2,6
40395,2,3
23987,2,6
25831,2,1
46293,2,1
44755,2,1
16097,2,7
N,1282,2,1,14
80967,2,2
87445,2,3
48724,2,6
69089,2,3
88775,2,7
32470,2,5
4162,2,2
12998,2,7
70087,2,5
63327,2,7
40677,2,9
73317,2,9
73446,2,10
24283,2,6
P,2,1,755,2308.72
P,2,1,312,961.92
N,2307,2,1,5
73447,2,4
48837,2,10
93412,2,4
72679,2,5
62813,2,1
N,737,2,1,5
39655,2,4
15877,2,10
20035,2,10
20935,2,8
24018,2,6
S,2,1,17,36
N,2219,2,1,10
87643,2,1
65173,2,6
26343,2,6
32479,2,4
64165,2,1
80590,2,2
65244,2,1
15823,2,4
2023,2,5
16103,2,6
N,2735,2,1,7
48359,2,10
28126,2,4
28317,2,8
4920,2,10
11719,2,9
67782,2,9
65247,2,7
S,2,1,10,50
P,2,1,2782,2741.06
P,2,1,610,3804.34
N,2467,2,1,7
39910,2,4
71299,2,3
30182,2,4
63071,2,1
38107,2,10
89301,2,7
16093,2,8
O,2,1,1022
O,2,1,5
N,864,2,1,6
26583,2,9
78662,2,1
69143,2,6
10967,2,9
28327,2,3
40545,2,9
N,2287,2,1,5
46821,2,10
15973,2,6
65239,2,3
31911,2,4
30436,2,4
N,2098,2,1,6
1860,2,5
48290,2,5
65191,2,6
81378,2,10
88733,2,8
32405,2,4
P,2,1,1277,461.6
N,2155,2,1,9
68735,2,2
4031,2,3
14759,2,4
80962,2,10
32487,2,4
19543,2,7
53734,2,4
48099,2,6
27871,2,9
N,63,2,1,7
36054,2,8
36532,2,1
88295,2,9
56950,2,5
65255,2,7
23779,2,8
95183,2,5
N,2297,2,1,12
46823,2,7
32177,2,6
38625,2,7
89794,2,1
31047,2,3
48863,2,6
69987,2,7
28292,2,4
93570,2,5
57055,2,7
40647,2,5
84706,2,7
N,2272,2,1,10
65127,2,4
23132,2,7
92901,2,6
11751,2,10
14023,2,7
61821,2,3
23352,2,9
16103,2,3
14965,2,5
93781,2,1
O,2,1,1043
N,1275,2,1,6
87782,2,3
83675,2,8
83555,2,9
22010,2,9
56935,2,10
24288,2,2
P,2,1,2687,3942.41
N,1241,2,1,6
57061,2,8
40677,2,7
51332,2,1
84677,2,1
5974,2,4
65173,2,10
S,2,1,15,34
N,1078,2,1,9
40679,2,6
73438,2,7
68927,2,3
6211,2,6
78545,2,10
1843,2,8
90848,2,2
26343,2,5
12287,2,2
P,3,4,1026,3784.73
P,2,1,1895,1628.47
N,1283,2,1,6
48741,2,9
68839,2,1
64965,2,1
67780,2,7
62666,2,1
22752,2,10
N,2037,2,1,12
70296,2,9
7227,2,1
7733,2,10
4546,2,1
29799,2,7
64615,2,9
89575,2,9
11027,2,8
11483,2,7
11842,2,4
77279,2,6
16031,2,4
P,2,1,314,1893.95
P,2,1,385,3258.34
S,2,1,10,21
S,2,1,13,37
N,306,2,1,11
85711,2,2
32487,2,7
73115,2,6
87391,2,8
95381,2,10
47845,2,1
79446,2,7
23780,2,8
24051,2,5
44771,2,9
79044,2,1
N,1787,2,1,7
44769,2,8
78555,2,1
30439,2,3
99981,2,7
24155,2,10
38597,2,9
73433,2,2
P,2,1,959,1795.39
P,1,8,254,309.7
N,1858,2,1,9
88723,2,4
89431,2,2
97925,2,5
30887,2,4
97498,2,10
21887,2,3
58086,2,2
89319,2,6
77543,2,6
D,2,4
P,2,1,1923,4097.21
P,5,9,1272,3258.41
P,2,1,1026,3332.51
P,2,1,2243,3008.44
P,2,1,1283,3497.7
P,2,1,2758,550.57
O,2,1,2301
P,2,1,1907,922.61
P,2,1,2234,4780.84
O,2,1,66
P,2,1,1025,4979.16
P,4,3,75,3296.41
N,1279,2,1,12
6215,2,5
64231,2,7
57023,2,10
52167,2,1
40423,2,6
94399,2,3
57055,2,3
77259,2,2
10303,2,8
89154,2,2
48863,2,2
50821,2,10
P,2,1,187,2967.66
N,771,2,1,6
77271,2,8
71207,2,3
31302,2,9
97463,2,7
79143,2,9
64070,2,2
P,2,1,2050,4733.81
N,325,2,1,13
81616,2,4
23781,2,8
81490,2,7
87523,2,7
79591,2,6
38623,2,1
40639,2,9
87499,2,2
55259,2,10
40471,2,2
57059,2,2
48835,2,5
4995,2,8
P,1,3,309,2341.18
N,2627,2,1,5
6199,2,7
32167,2,4
39650,2,4
15015,2,6
60389,2,10
N,1783,2,1,11
73062,2,4
20154,2,1
64207,2,6
82259,2,2
15523,2,3
46823,2,2
78565,2,2
32091,2,5
43479,2,7
67349,2,8
24038,2,8
N,2298,2,1,11
40550,2,7
1349,2,3
40543,2,2
51655,2,4
97957,2,5
5637,2,8
40135,2,5
14647,2,6
27098,2,5
48772,2,2
23518,2,10
N,865,2,1,7
31455,2,7
11023,2,1
86981,2,7
79459,2,1
73430,2,4
71203,2,8
81639,2,1
P,2,1,1651,411.56
P,2,1,1208,3176.66
P,2,1,1731,1117.04
P,4,2,1753,658.82
P,2,1,1224,3945.91
P,2,1,2259,813.81
P,2,1,73,3086.8
P,7,10,866,959.91
N,2305,2,1,5
55961,2,4
5445,2,8
64654,2,9
73187,2,6
37437,2,7
P,2,1,295,1689.37
N,123,2,1,5
4127,2,8
56909,2,8
6176,2,9
4165,2,2
28239,2,9
P,3,3,2299,2405.81
N,2307,2,1,12
89038,4,9
31703,2,3
89443,2,2
52927,2,10
98597,2,2
59479,2,9
28322,2,6
88533,2,2
11207,2,4
11348,2,6
52946,2,6
23133,2,9
P,2,1,2147,785.37
P,2,1,763,2178.65
P,2,1,1166,15.15
N,962,2,1,9
61083,2,4
11430,2,9
80071,2,2
89831,2,6
73379,2,6
32359,2,1
81639,2,9
15847,2,1
56031,2,5
O,2,1,658
N,1651,2,1,12
73426,2,5
79543,2,5
22118,2,10
20067,2,10
68826,2,8
15783,2,5
45763,2,9
14231,2,8
73431,2,7
39876,2,8
77123,2,1
52423,2,5
O,2,1,1778
N,1155,2,1,6
64743,2,8
79591,2,9
10013,2,3
5835,2,4
13988,2,9
64963,2,7
S,2,1,13,45
P,2,1,2105,2337.02
N,199,2,1,8
88709,2,2
2055,2,8
3967,2,1
15815,2,5
20196,2,10
28259,2,2
52939,2,3
24294,2,8
N,771,2,1,6
60839,2,2
17123,2,7
3622,2,4
44679,2,1
77475,2,5
9653,2,8
N,1789,2,1,15
40549,2,5
83687,2,9
59091,2,4
48737,2,3
40167,2,5
54951,2,1
97383,2,7
89815,2,10
7159,2,3
39071,2,2
36487,2,9
48583,2,10
83671,2,5
24293,2,10
23511,2,6
O,2,1,895
N,2211,2,1,11
39015,2,3
45431,2,2
5159,2,1
14682,2,2
69314,2,3
40343,2,4
95335,2,5
97959,2,7
61143,2,5
23271,2,5
38567,2,3
N,1027,2,1,10
31415,2,6
48135,2,5
97535,2,10
81013,2,9
20199,2,10
95542,2,7
15329,2,4
51687,2,1
89810,2,7
40101,2,1
P,2,1,761,1833.98
N,67,2,1,8
85718,2,4
79581,2,1
13318,2,5
97765,2,3
6007,2,7
1967,2,3
3651,2,2
54999,2,3
N,1026,2,1,10
89574,2,6
21991,2,4
65110,2,2
90296,2,7
65135,2,7
71391,2,9
73426,2,5
63199,2,5
73445,2,7
6203,2,6
N,1089,2,1,12
27870,2,4
81382,2,4
57061,2,4
81503,2,2
10972,2,2
97506,2,10
60990,2,7
19167,2,10
5959,2,3
32453,2,10
1412,2,7
47069,2,9
P,2,1,2303,2358.49
P,2,1,2303,55.41
P,1,4,1282,2493.32
N,319,2,1,14
48605,2,4
56933,2,6
52951,2,4
65119,2,10
96995,2,10
1934,2,2
71269,2,2
89191,2,3
85719,2,3
64927,2,7
24269,2,7
28371,2,2
86755,2,5
70811,2,10
N,1278,2,1,11
77031,2,9
37558,2,6
24161,2,1
64976,2,1
16100,2,10
89063,2,10
97718,2,9
13287,2,5
84704,2,3
57057,2,6
97767,2,1
P,2,1,1249,3078.02
P,7,3,281,3838.92
N,299,2,1,11
6211,2,8
39527,2,8
54751,2,5
28390,2,7
18119,2,5
10820,2,7
20196,2,7
30423,2,8
14151,2,1
56535,2,10
59079,2,10
N,1011,2,1,10
85671,2,4
71814,2,4
9411,2,4
23214,2,5
32227,2,1
26789,2,5
64743,2,6
80547,2,3
73063,2,10
95709,2,3
N,1259,2,1,10
79591,2,1
15575,2,9
31763,2,7
97491,2,3
16085,2,5
86933,2,4
32455,2,3
96999,2,7
14807,2,8
80551,2,10
N,2013,2,1,10
65209,2,8
59427,2,2
77543,2,2
36582,2,7
85479,2,2
56771,2,7
45255,2,7
7618,2,3
52639,2,8
50407,2,5
P,2,1,2299,2671.2
S,2,1,17,50
N,2818,2,1,6
79967,2,10
39365,2,8
85735,2,4
55001,2,10
56227,2,7
52966,2,9
P,2,1,2491,652.63
D,2,2
D,2,1
P,1,2,1893,3875.8
N,2735,2,1,10
3655,2,3
73415,2,9
97127,2,7
20195,2,1
40668,2,2
5921,2,7
60835,2,4
89505,2,2
70371,2,9
80423,2,2
P,2,1,329,1581.08
P,2,1,2751,3223.95
P,2,1,179,2318.32
N,771,2,1,15
37974,2,6
31407,2,3
44190,2,9
8263,2,2
92646,2,2
32271,2,7
3074,2,10
93415,2,8
95207,2,8
19431,2,9
96035,2,5
1029,2,9
44724,2,9
72307,2,7
73190,4,8
N,1535,2,1,6
48734,2,9
86630,2,2
55623,2,7
28135,2,8
11603,2,9
14403,2,1
P,2,1,1146,2405.02
P,8,10,2819,388.3
P,4,2,692,2045.28
P,2,1,309,900.87
N,1241,2,1,12
61126,2,1
36838,2,3
4083,2,7
10949,2,4
48567,2,3
57030,2,8
81246,2,5
97941,2,8
48863,2,9
40653,2,6
97503,2,10
39903,2,4
N,1571,2,1,9
55138,2,2
69351,2,5
63710,2,3
85732,2,7
56935,2,8
60868,2,8
85990,6,1
48815,2,6
78545,2,3
N,2279,2,1,15
38343,2,2
53732,2,5
85591,2,1
32345,2,9
61056,2,10
55015,2,1
64743,2,3
40663,2,4
64183,2,1
24199,2,7
4615,2,6
56487,2,2
85181,2,3
3623,2,2
89825,2,7
N,74,2,1,14
52703,2,5
98977,2,1
42599,2,1
32318,2,6
79459,2,1
81601,2,2
1543,2,6
47462,2,5
6078,2,6
32289,8,3
5174,2,8
27283,2,8
22247,2,4
97495,2,10
D,2,4
D,2,1
N,2721,2,1,14
56534,2,5
23649,2,9
26853,2,9
4167,2,10
32479,2,8
31450,2,7
97507,2,3
79159,2,1
47239,2,7
89506,2,8
80607,2,8
70615,2,3
35491,2,10
55069,2,8
N,1662,2,1,12
16039,2,2
71006,2,2
4157,2,6
47847,2,10
38455,2,3
63585,2,8
27237,2,7
96948,2,6
23651,2,8
81616,2,1
37415,2,7
52423,2,1
N,793,2,1,7
10887,2,8
9958,2,3
41669,2,9
79334,2,7
95687,2,2
21991,2,2
95715,2,1
N,193,2,1,10
60119,2,8
52453,2,6
73426,2,6
77525,2,7
20199,2,6
48727,2,10
48806,2,5
89831,2,9
3655,2,8
56546,2,10
N,2275,2,1,14
69191,2,10
65207,2,3
74979,2,2
2106,2,6
89639,2,3
26334,2,4
81356,2,6
40032,2,10
14023,2,3
38119,2,4
31453,2,8
59111,2,3
38626,2,2
15711,5,10
N,2767,2,1,5
30182,2,3
9959,2,3
40667,2,6
81619,2,4
64341,2,3
P,2,1,59,3469.5
P,2,1,1667,4198.12
N,2307,2,1,14
46733,2,5
89311,2,4
11695,2,1
22195,2,10
22179,2,10
95939,2,1
89218,2,5
6048,2,1
16066,2,8
4799,2,1
89823,2,4
63079,2,3
54756,2,9
31335,2,5
P,2,1,1258,286.65
P,4,5,2262,931.65
N,1282,2,1,5
89799,2,5
81118,2,4
56391,2,6
14562,2,8
42690,2,2
P,2,1,1954,3383.89
N,1269,2,1,15
5703,2,10
74334,2,6
81091,2,5
96951,2,6
59111,2,9
10055,2,2
65235,2,5
65201,2,6
12439,2,9
95875,2,8
89575,2,8
88294,2,4
48295,2,6
86439,2,8
39555,2,2
S,2,1,14,32
N,321,2,1,8
5612,2,2
6190,2,8
48059,2,8
10023,2,2
81447,2,1
5191,2,2
88287,2,4
5495,2,7
P,2,1,2975,357.97
N,186,2,1,14
30917,2,7
89271,2,7
88253,2,1
64951,2,9
79250,2,5
73315,2,6
88422,2,5
31291,2,9
15015,2,1
6211,2,7
87707,2,8
85505,2,6
32478,2,1
91623,2,7
D,2,10
P,2,1,2207,1524.19
N,1083,2,1,14
73359,2,7
65123,2,2
13154,2,4
97986,2,9
31446,2,2
60507,2,8
55799,2,1
32038,2,5
60279,2,10
56890,2,9
56663,2,3
24251,2,5
43735,2,3
87782,2,8
N,2819,2,1,10
36543,2,2
79175,2,8
65175,2,7
97761,2,2
48807,2,6
32487,2,8
88803,2,1
65089,2,8
22244,2,1
28263,2,4
N,2159,2,1,6
19923,2,3
56011,2,8
4935,2,9
3807,2,1
60007,2,4
45766,2,7
P,5,6,2171,570.31
S,2,1,14,29
N,1275,2,1,6
95751,2,1
15516,2,4
73447,2,1
36486,2,6
46811,2,3
77539,2,4
P,2,1,1795,101.68
N,735,2,1,8
80471,2,4
44039,2,5
81223,2,1
28134,2,3
97479,2,9
79334,2,4
40545,2,1
36511,2,2
N,867,2,1,5
89319,2,8
77150,2,6
6213,2,7
2045,2,10
63334,2,10
N,2243,2,1,15
17627,2,6
39911,3,6
54789,2,10
51397,2,2
85693,2,8
4671,2,10
40674,2,3
72413,2,5
11943,2,10
46295,2,9
30175,2,3
77147,2,2
58981,2,2
80611,2,2
16053,2,9
N,330,2,1,9
81359,2,4
80099,2,6
81511,2,4
31430,2,4
51941,2,2
8406,2,6
32325,2,4
47767,2,10
65253,2,10
P,2,1,313,4049.34
P,2,1,1155,1251.82
S,2,1,18,46
P,2,1,2274,4703.67
O,2,1,1247
N,1923,2,1,15
65183,2,3
40023,2,5
80071,2,6
60101,2,8
73434,2,7
34525,2,8
48871,2,9
79284,2,5
6181,2,2
54886,2,6
81575,2,3
81382,2,2
57063,2,5
81271,2,8
24117,2,6
N,2216,2,1,8
72671,2,5
29667,2,10
5673,2,5
40614,2,7
30165,2,1
64935,2,1
97501,2,5
48101,2,8
N,1219,2,1,12
97759,2,2
31842,2,7
48614,2,10
15911,2,1
38454,2,4
7239,2,2
98275,2,4
23765,2,8
9688,2,2
81071,2,8
21863,2,6
40615,2,2
