P,2,2,2274,4406.91
N,1435,2,2,11
52437,2,5
59087,2,1
59043,2,6
15827,2,1
81511,2,5
65206,2,8
48167,2,9
48863,2,8
9989,2,4
47269,2,1
81377,2,10
P,2,2,2754,4977.33
D,2,1
P,2,2,266,2982.93
N,331,2,2,7
97717,2,4
2117,2,9
32292,2,10
89804,2,7
9959,2,9
38881,2,3
44643,2,1
P,2,2,2291,2114.33
N,2307,2,2,6
52963,2,7
4935,2,4
6214,2,7
5663,2,8
21211,2,2
80455,2,9
P,2,2,233,329.32
P,2,2,2179,2546.62
N,1923,2,2,6
94911,2,6
5951,2,4
5887,2,7
43969,2,4
40487,2,10
97759,2,10
P,2,2,875,452.3
N,1265,2,2,5
37425,2,6
48087,2,8
61061,2,5
97727,2,4
79333,2,8
N,1472,2,2,13
4155,2,1
64477,2,2
6142,2,8
93346,2,9
57062,2,3
5799,2,9
51941,2,9
95175,2,9
96927,2,8
85699,2,1
40671,2,9
72935,2,9
48215,2,4
P,2,2,1661,3738.06
N,2077,2,2,14
56671,2,2
20106,2,1
16087,2,10
64629,2,5
24295,2,6
87244,2,1
48613,2,10
33975,2,4
42143,2,1
73445,2,4
76741,2,2
36071,2,3
52911,2,1
6023,2,3
P,2,2,955,4373.19
P,2,2,1795,4008.34
N,53,2,2,11
28323,2,4
81639,2,5
6203,2,1
89305,2,2
40547,2,1
9671,2,6
46815,2,5
32439,2,1
31407,2,1
1382,2,9
88695,2,8
P,2,2,1150,4500.6
P,2,2,1277,4740.31
P,8,5,1185,2320.89
P,2,2,259,3747.77
O,2,2,951
P,2,2,1251,1508.42
P,2,2,2290,4459.72
P,2,2,131,2978.78
P,2,2,2303,713.45
N,2303,2,2,10
79487,2,5
77529,2,6
96999,2,5
5889,2,3
71382,2,7
95939,2,5
13935,2,7
56727,2,6
65251,2,10
97759,7,8
N,1145,2,2,6
15037,2,7
15954,2,4
15333,2,3
40485,2,3
34019,2,6
96931,2,8
P,2,2,1795,4666.82
N,2231,2,2,9
39651,2,6
4935,2,9
4073,2,2
56991,2,8
57058,2,4
70343,2,8
51941,2,3
60118,2,8
14951,2,8
P,2,2,1219,1582.54
N,2563,2,2,7
2551,2,8
90566,2,7
1212,2,4
22951,2,8
54974,2,5
69207,2,6
15810,2,4
P,2,2,150,3971.33
P,2,2,1178,612.48
O,2,2,2179
N,2943,2,2,14
70565,2,5
53410,2,10
32229,2,2
84519,2,9
80871,2,2
40422,2,9
48613,2,2
73313,2,6
56935,2,10
32430,2,3
55995,2,9
84327,2,10
16102,2,9
39869,2,6
N,1165,2,2,6
64893,2,4
98020,2,4
94694,2,4
65254,2,3
76933,2,1
24195,3,5
O,2,2,1202
N,2307,2,2,5
68702,2,6
56439,2,5
1973,2,3
36455,2,2
45699,2,1
N,1243,2,2,9
6202,2,6
32095,2,9
81431,2,6
30434,2,3
73395,2,3
28775,2,7
72615,2,7
56537,2,7
6085,2,3
O,2,2,771
S,2,2,19,23
N,318,2,2,10
56867,2,2
63867,2,7
81623,2,6
40655,2,3
24143,2,5
80967,2,10
26282,3,9
89799,2,6
34454,2,4
9918,2,1
P,5,8,171,4396.56
S,2,2,19,40
N,2531,2,2,12
52935,2,10
38427,2,3
87259,2,9
90721,2,9
95838,2,10
80871,2,9
81606,2,7
89542,2,10
92775,2,3
5667,2,2
64229,2,8
22055,4,5
P,2,2,707,3461.73
N,2302,2,2,14
35539,2,10
23519,2,9
23721,2,8
73205,2,5
48623,2,1
97223,2,9
52417,2,4
46183,2,1
48327,2,6
48725,2,8
11739,2,3
23783,2,1
23775,2,2
56925,2,8
N,1144,2,2,6
63906,2,2
48849,2,9
38559,2,10
79591,2,4
81119,2,6
6166,2,6
P,2,2,2793,4465.37
S,2,2,17,26
P,2,2,219,4697.11
P,2,2,1195,3375.42
N,1027,2,2,5
69237,2,4
23779,2,3
22694,2,2
31127,2,3
92487,2,6
N,2211,2,2,13
11741,2,2
45533,2,1
76479,2,3
64739,2,7
15525,2,9
95456,2,4
36967,2,4
55015,2,5
5701,2,8
38285,2,1
48855,2,5
16102,2,8
32419,2,10
P,3,8,2555,1890.07
N,1283,2,2,8
38119,2,3
2107,2,7
61060,2,6
55463,2,7
52967,2,3
23203,2,2
6215,2,2
46307,2,7
N,107,2,2,11
4671,2,5
44231,2,2
15900,2,3
96223,2,9
93359,2,7
16071,2,9
46658,2,1
40607,2,7
93915,2,1
73021,2,2
65191,2,2
N,1523,2,2,14
23903,2,10
32470,2,10
57043,2,4
15077,2,4
63198,2,1
26819,2,2
68794,2,1
64517,2,6
88021,2,4
71116,2,8
81571,2,8
24213,2,7
4035,2,3
38333,2,10
P,2,2,2303,380.62
P,2,2,299,76.5
N,2807,2,2,10
56623,2,10
14567,2,10
87783,2,10
97511,2,9
89441,2,2
47815,2,3
40103,2,7
62015,2,1
93843,2,2
32471,2,1
P,2,2,1787,4353.35
N,2302,2,2,8
67285,2,9
48823,2,4
78054,3,1
97588,2,1
13451,2,3
92767,2,4
81431,2,2
55735,2,10
N,197,2,2,15
59043,2,10
85731,2,7
21719,2,1
77527,2,2
10983,2,3
71399,2,5
69094,2,7
84285,2,1
85478,2,6
6196,2,5
15004,2,7
83287,2,2
47575,2,1
24291,2,8
11969,2,5
N,2201,2,2,11
16100,2,8
97870,2,2
38622,2,5
23765,2,6
22693,2,7
39143,2,4
32419,2,1
6215,2,5
2311,2,9
32463,2,3
57062,2,4
N,2034,2,2,14
73349,2,7
2047,2,9
89831,2,6
93923,2,7
71172,2,3
14143,2,10
27093,2,7
47839,2,10
56935,2,9
81639,2,5
39559,2,1
97186,2,8
6166,2,2
69314,2,7
P,1,8,311,2153.05
P,2,2,739,3355.0
N,1627,2,2,14
3956,2,10
52931,2,3
89571,2,4
31399,2,2
73439,2,3
56039,2,4
9813,2,7
63029,2,3
43495,2,3
6086,2,5
24291,2,7
62671,2,5
48705,2,3
30814,2,10
P,2,2,267,1972.84
P,6,5,2499,2011.7
P,4,9,2675,4491.16
P,4,5,2051,446.1
P,2,2,953,4645.13
N,1203,2,2,5
29556,2,3
80615,2,1
10823,2,3
55255,2,6
87511,2,2
N,507,2,2,14
83173,2,1
6071,2,10
52314,2,2
97759,2,9
38358,2,1
48615,7,10
24207,2,2
96463,2,8
18630,2,6
64466,2,3
81191,5,10
32165,2,4
2947,2,10
23765,2,8
P,2,2,1783,3444.49
N,1266,2,2,15
8900,2,3
16033,2,5
40023,2,1
24103,2,9
28263,2,3
89751,2,4
44726,2,9
94567,2,9
40676,2,6
73437,2,9
15141,2,6
92775,2,5
15062,2,3
65111,2,4
55975,2,6
P,8,8,2898,2757.16
N,2302,2,2,13
89810,2,8
39103,2,9
63947,2,9
30655,2,9
69285,2,8
61670,2,7
6213,2,5
55719,2,2
64999,2,3
32487,2,3
12791,2,2
13890,2,1
13253,2,3
P,2,2,1539,4155.48
P,2,2,133,3753.89
P,2,2,2642,3079.02
N,1129,2,2,15
35398,2,10
30283,2,6
57059,2,10
22239,2,10
64935,2,4
51943,2,5
23758,2,10
12991,2,6
15847,2,2
47654,2,9
73287,2,1
97998,2,4
55015,2,8
36535,2,10
89671,2,2
N,2304,2,2,5
48799,2,10
65127,2,6
16071,2,5
60903,2,6
14823,2,4
N,329,2,2,5
15073,2,8
87517,2,6
95671,2,6
64870,2,1
56381,2,6
P,2,2,1779,2555.17
P,2,2,1283,2726.52
P,2,2,2307,4174.5
P,2,2,559,3266.48
S,2,2,19,21
N,993,2,2,8
85733,2,10
58775,2,4
72551,2,8
24294,2,4
64679,2,8
73431,2,6
63075,2,10
45721,2,5
N,2817,2,2,10
32031,2,2
18974,2,4
7349,2,8
99489,2,4
37479,2,5
52439,2,1
81637,2,6
45535,2,1
22109,2,5
13779,2,10
D,2,4
O,2,2,2243
N,2305,2,2,13
40147,2,2
23191,2,5
95525,2,7
15574,2,7
97383,2,3
33237,2,2
65176,2,8
32416,2,10
23783,2,4
48223,2,6
2087,2,1
31946,2,7
52645,2,10
P,2,2,247,1612.84
N,2307,2,2,14
81610,2,6
87727,2,5
21682,2,6
26277,2,3
56551,2,6
79079,2,3
89494,2,5
90837,2,7
32279,2,8
4775,2,7
8775,2,4
56799,2,6
27751,2,1
14021,2,9
P,5,8,1459,2156.56
D,2,2
N,640,2,2,10
11942,2,2
43750,2,2
3718,2,10
24273,2,2
75935,2,3
37863,2,7
46775,2,3
27365,2,6
15831,2,1
56930,2,7
N,1963,2,2,11
89748,2,3
20118,2,5
81382,2,7
36531,2,5
64206,2,10
22721,2,6
95343,2,4
65221,2,4
88295,2,1
68071,2,5
34479,2,6
P,2,2,755,3785.35
N,759,2,2,6
80069,2,3
81471,2,8
95975,2,2
29347,2,4
67134,2,8
64739,2,4
P,2,2,955,1799.76
S,2,2,10,25
N,419,2,2,9
81604,2,1
11470,2,10
37607,2,9
36167,2,2
4149,2,3
13847,2,3
39639,2,4
53830,2,6
51939,2,8
S,2,2,11,48
N,2301,2,2,13
86727,2,10
81335,2,8
24278,2,3
63197,2,6
23121,2,2
71255,2,10
31975,2,8
65255,2,7
96817,2,8
85591,2,8
24103,2,2
95953,2,10
63191,2,4
P,2,2,2275,1011.82
O,2,2,2747
P,2,2,2211,2415.53
P,2,2,2803,2308.12
N,266,2,2,15
36487,2,6
30438,2,3
64479,2,10
48855,2,7
15714,2,3
69126,2,10
40674,2,9
8263,2,10
65255,2,5
25942,2,10
56551,2,7
64253,2,6
72935,2,10
75455,2,9
11998,2,6
P,2,2,174,1160.32
P,2,2,1651,1686.7
N,1757,2,2,15
81415,2,3
19957,2,8
40679,2,5
64983,2,1
15961,2,5
63079,2,2
71005,2,9
32485,2,2
61146,2,9
85733,2,4
5574,2,1
56928,2,6
88736,2,9
31447,2,1
97509,2,7
N,2983,2,2,12
13023,2,4
46689,2,10
48054,2,7
83559,2,4
40596,2,2
32481,2,7
45271,2,1
66778,2,2
6214,2,10
61519,2,4
12227,2,7
32197,2,9
N,327,2,2,5
14047,2,4
24002,2,1
47511,2,5
65212,2,9
72675,2,6
P,2,2,2972,3882.81
N,2179,2,2,10
81607,2,10
5959,2,1
97511,2,1
31398,2,4
13175,2,3
46559,2,5
52963,2,5
64711,2,4
19983,2,9
84647,2,9
N,2114,2,2,12
68939,2,9
21925,2,7
65199,2,1
88807,2,7
11407,2,3
88295,2,6
55011,2,3
97255,2,3
99654,2,7
63071,2,6
48846,2,5
2831,2,5
P,2,2,2107,3554.39
P,2,2,1795,159.77
N,1747,2,2,14
54695,2,9
8261,2,2
40144,2,10
97255,2,1
24071,2,6
57015,2,8
79590,2,7
96358,2,3
5953,2,1
21718,2,9
48595,2,1
80527,2,8
22609,2,4
4166,2,5
N,1052,2,2,10
32188,2,7
81573,2,1
69319,2,2
72418,2,9
78942,2,2
24005,2,6
6131,2,10
69211,2,6
52455,2,9
30438,2,7
P,2,2,1250,1346.59
P,2,2,1779,1436.14
N,2290,2,2,11
73423,2,8
16039,2,9
73427,2,3
97735,2,5
57059,2,7
43491,2,1
93894,2,2
22245,2,5
64615,2,3
4671,2,4
54935,2,10
N,331,2,2,13
24167,2,9
81274,2,4
11454,2,9
87654,2,4
38627,2,8
60006,2,3
54503,2,6
16078,2,2
99103,2,4
64711,2,4
47663,2,4
16023,2,6
38565,2,1
P,2,2,2497,5.99
S,2,2,11,44
D,2,9
P,2,2,2914,3380.93
P,8,3,74,4796.26
N,1250,2,2,8
79559,2,8
89798,2,9
81551,2,7
40678,2,9
14055,2,4
73383,2,3
73446,2,1
22219,2,4
N,2499,2,2,8
60363,2,2
46502,2,3
32231,2,2
81636,2,5
48807,2,1
40510,2,6
27871,2,10
58597,2,1
N,1523,2,2,10
47814,2,4
31777,2,6
92791,2,9
78565,2,8
89303,2,8
73447,2,10
22947,2,2
47957,2,3
53463,2,4
89821,2,10
O,2,2,313
N,2051,2,2,9
40662,2,8
99558,2,3
72637,2,1
96419,2,5
23745,2,2
16066,2,3
32459,2,1
77031,2,5
35421,2,9
O,2,2,330
P,2,2,2803,2907.88
P,2,2,2055,4915.63
O,2,2,43
D,2,9
N,1667,2,2,12
48719,2,4
44775,2,3
9824,2,3
98006,2,2
72415,2,4
60613,2,3
79827,2,4
82463,2,6
72423,2,7
93927,2,6
63188,2,5
40167,2,7
P,2,2,283,3585.68
N,499,2,2,10
44702,2,5
28891,2,9
37223,2,2
60031,2,5
56663,2,9
60959,2,3
97606,2,7
6215,2,9
39907,2,9
73376,2,4
P,2,2,251,4340.17
P,2,2,2113,2946.97
N,2691,2,2,15
86743,2,3
63046,2,4
83391,2,5
73375,2,1
64496,2,4
73367,2,7
24007,2,4
46815,2,7
40662,2,7
73063,2,1
79069,2,3
98019,2,2
15766,2,3
32199,2,7
96975,2,10
P,2,2,1027,371.93
P,5,7,327,1591.14
P,2,2,50,3223.95
P,5,5,879,3410.7
N,1655,2,2,5
27879,2,10
97943,2,5
73350,2,5
79484,2,7
1607,2,3
P,2,2,1263,727.06
P,2,2,1907,272.53
N,2947,2,2,11
39255,2,2
81127,2,1
83543,2,2
51681,2,5
15951,2,5
81639,2,10
79334,2,4
32423,6,8
89303,2,1
64999,2,3
79575,2,2
N,2012,2,2,6
85734,2,2
50391,2,10
97894,2,4
80563,2,7
3635,2,10
59103,2,7
P,8,8,2979,4717.19
P,2,2,2947,928.17
N,1139,2,2,12
89826,2,10
6199,2,4
12355,2,2
39606,2,2
52966,2,1
73446,2,8
77540,2,2
36423,2,9
72742,2,1
91613,2,8
97767,2,1
15315,2,5
N,197,2,2,8
79483,2,3
63655,2,5
46695,2,10
92892,2,4
85478,2,9
75335,2,3
71139,2,4
89828,2,10
P,2,2,1283,966.92
N,1260,2,2,6
15903,5,9
32407,2,2
88582,2,2
48071,2,4
30598,2,9
86310,2,9
P,3,1,770,3547.91
N,2230,2,2,11
15822,2,6
60935,2,2
54995,2,1
45543,2,3
32222,2,3
80487,2,1
75476,2,6
31173,2,9
65191,2,4
89823,2,4
63110,2,7
D,2,4
N,1027,2,2,6
6213,2,10
51903,2,10
5691,2,7
73430,2,8
64671,2,1
45469,2,3
N,1244,2,2,7
97703,2,2
97447,2,8
79574,2,5
85405,2,7
98003,2,4
57018,2,7
23254,2,4
S,2,2,12,36
N,2651,2,2,7
89191,2,10
89615,2,4
79523,2,9
30173,2,10
36423,2,7
6215,2,9
89805,2,2
N,2300,2,2,14
56039,2,2
2117,2,1
21951,2,3
21729,2,8
87459,2,8
45796,2,6
31935,2,10
54236,2,2
47443,2,2
71527,2,3
43895,2,10
15486,2,4
56985,2,3
96996,2,9
P,2,2,1279,1419.06
P,2,2,2307,105.68
P,2,2,707,3584.02
P,2,2,1283,1468.78
N,307,2,2,5
65767,2,7
11865,2,9
79537,2,9
46287,2,10
24038,2,6
N,1281,2,2,10
47781,2,7
71887,2,6
19158,2,10
62118,2,8
15187,2,8
51939,2,2
92805,2,6
19171,2,2
65238,2,2
60645,2,1
N,265,2,2,12
98022,2,10
9798,2,10
32359,2,8
53718,2,2
97383,2,10
65057,2,5
73383,2,2
24175,2,1
97959,2,5
40671,2,7
45765,2,1
44511,2,1
I,2,2,24
P,2,2,1275,2089.33
P,2,2,1787,2974.15
N,317,2,2,14
13798,2,6
60103,2,7
89703,2,6
97079,2,3
81610,2,9
61119,2,6
18111,2,4
81477,2,2
40675,2,9
24263,2,4
83669,2,10
32201,2,3
79463,2,9
56263,2,4
P,3,9,2817,85.47
N,2239,2,2,10
96863,2,9
47684,2,8
80983,2,4
63062,2,1
38566,2,5
16103,2,10
28294,2,6
79567,2,6
4750,2,3
32413,2,3
P,2,2,1595,1193.21
P,2,2,1003,4532.0
N,2259,2,2,12
24287,2,2
6207,2,9
65926,2,10
89641,2,6
18631,2,6
60245,2,1
62174,2,6
32227,2,3
71047,2,7
65239,2,1
73085,2,5
48831,2,1
N,2303,2,2,12
75239,2,1
21220,2,2
81101,2,3
48871,2,5
20199,2,9
10229,2,3
97695,2,1
56785,2,9
77015,2,4
56931,2,1
6185,2,4
92277,2,3
P,2,2,698,2652.72
N,2755,2,2,10
73405,2,2
56935,2,2
12711,2,8
47719,2,9
87780,2,4
74467,2,2
64911,2,6
12940,2,9
89798,2,1
48853,2,7
N,298,2,2,7
88807,2,2
89763,2,2
37845,2,4
69299,2,4
61541,2,5
96971,2,3
61145,2,7
P,1,3,267,4760.47
N,235,2,2,7
81382,2,10
81575,2,9
63969,2,10
95783,2,7
5185,2,5
16103,2,1
24291,2,3
S,2,2,17,22
P,2,2,515,2717.31
N,2305,2,2,9
24287,2,9
88791,2,2
89570,2,3
32487,2,10
32170,2,1
44727,2,4
89525,2,9
95967,2,10
27742,2,7
I,2,2,21
N,998,2,2,15
3139,2,3
56931,2,6
80523,2,1
17372,2,9
43733,2,4
48615,2,9
96695,2,7
52437,2,8
55751,2,5
12260,2,2
34982,2,3
24004,2,3
90850,2,9
10438,2,7
97505,2,5
N,2303,2,2,14
81383,2,10
5919,2,8
1401,2,1
56996,2,1
24294,2,1
42702,2,5
34949,2,9
95847,2,3
83687,2,4
72676,2,2
97733,2,10
39143,2,7
21647,2,6
44775,2,4
N,706,2,2,11
97487,2,3
81623,5,8
26331,2,6
64741,2,10
32357,2,7
42215,2,5
39085,2,1
40230,2,9
78551,2,4
36519,2,7
55523,2,2
P,2,2,202,2837.87
P,2,2,769,4254.5
I,2,2,48
N,1267,2,2,6
15997,2,3
85274,2,4
72535,2,9
19806,2,3
55367,2,8
14171,2,2
P,2,2,2259,280.3
N,2097,2,2,9
74471,2,4
96870,2,8
32487,2,1
71143,2,2
23590,2,4
72934,2,5
71291,2,7
34533,2,5
6087,2,1
S,2,2,20,43
P,2,2,1248,3436.68
P,2,2,73,1445.16
N,2975,2,2,14
38015,2,2
21975,2,5
24225,2,10
5187,2,10
47713,2,2
64997,2,6
63085,2,5
46039,2,1
56935,2,3
97959,2,3
13119,2,4
52389,2,10
75676,2,8
48866,2,9
D,2,9
