D,2,3
N,1109,2,3,15
37855,2,5
89829,2,5
32292,2,10
75221,2,5
45763,2,5
46627,2,7
65191,2,6
79446,2,6
80343,2,10
95974,2,8
96990,2,4
42693,2,8
89831,2,5
64082,2,3
73175,2,5
N,755,2,3,6
56475,2,10
4807,2,7
36948,2,1
40678,2,10
55910,2,6
5158,2,6
D,2,6
D,2,9
O,2,3,1011
P,4,2,2801,3985.72
N,2675,2,3,6
87237,2,7
64743,2,5
32442,2,10
46119,2,5
92765,2,5
28255,2,10
P,2,3,323,3036.98
D,2,7
D,2,10
P,4,10,2435,77.39
P,2,3,1275,286.63
N,2307,2,3,13
65253,2,2
73423,2,1
16091,2,10
52734,2,9
96743,2,8
35903,2,9
59111,2,8
81491,5,6
2103,2,3
65247,2,1
40647,2,4
89559,2,7
94686,2,7
P,2,3,123,4811.99
N,1787,2,3,15
48085,2,4
84327,2,8
48822,2,1
71367,2,8
39456,2,6
38277,2,8
69335,2,1
53733,2,3
93543,2,1
19623,2,9
30291,2,6
72859,2,6
96831,2,5
81607,2,2
64917,2,10
N,2243,2,3,9
15835,2,4
32423,2,9
94943,2,1
89733,2,8
15303,2,7
839,2,2
68767,2,2
84711,2,8
52758,2,8
N,1699,2,3,11
76501,2,4
16087,2,3
14695,2,8
95951,2,2
56039,2,7
79591,2,10
5701,2,10
73409,2,9
63417,2,10
99559,2,4
27863,2,8
P,2,3,263,2527.29
P,2,3,1217,4251.47
P,2,3,681,1395.08
N,1261,2,3,10
78565,2,7
54150,2,7
57063,2,8
32487,2,9
62423,2,1
15965,2,4
81381,2,9
40674,2,8
77060,2,1
48863,2,7
P,2,3,1793,2250.24
P,2,3,731,1895.24
P,2,3,2145,3972.33
P,2,3,2800,3039.76
I,2,3,36
N,327,2,3,11
47671,2,5
44771,2,4
6151,2,6
50915,2,4
73443,2,7
46531,2,1
85732,2,3
56975,2,10
11687,2,4
44519,2,4
11943,2,8
N,2307,2,3,13
65243,2,4
89804,2,3
5943,2,4
62171,2,4
77414,2,7
39711,2,7
32455,2,7
47702,2,1
77509,2,1
16095,2,1
56039,2,5
97862,2,2
1605,2,1
P,2,3,2303,4531.44
N,2810,2,3,7
11746,2,8
93022,2,5
15822,2,5
32287,2,1
1795,2,5
22871,2,9
64871,2,3
P,2,3,2787,4820.22
N,2257,2,3,6
60103,2,2
5891,2,6
36569,2,1
73447,2,3
6083,2,2
81631,2,6
P,2,3,2417,3264.0
P,2,3,1603,3262.93
N,1250,2,3,5
45999,8,2
56511,2,1
46367,2,4
89780,2,3
28357,2,8
P,2,3,513,2409.43
P,2,3,1299,3583.85
P,2,3,27,3415.83
O,2,3,2305
P,3,7,1538,2196.14
N,515,2,3,8
24131,2,7
59614,2,3
3590,2,8
27989,2,6
12868,2,10
36583,2,6
10709,2,2
48855,2,9
P,2,3,2115,2368.65
P,2,3,2678,4409.59
N,2115,2,3,5
48743,2,9
15301,2,3
97757,2,7
68967,2,1
96833,2,8
N,2307,2,3,15
30177,2,5
38605,2,6
16077,2,5
96927,2,5
72883,2,2
85602,2,6
46822,2,8
62151,2,1
40148,2,3
73399,2,10
64711,2,10
89815,2,9
24249,2,7
89663,2,3
32436,2,3
P,2,3,977,920.86
P,2,3,1139,2781.01
N,2947,2,3,7
89830,2,6
56006,2,3
73047,2,3
56547,2,3
56807,2,5
31399,2,1
6101,2,8
I,2,3,39
I,2,3,32
N,2907,2,3,14
55954,2,9
35991,2,6
65175,2,5
68933,2,4
3518,2,10
27989,2,8
39830,2,8
22213,2,2
81449,2,4
79508,2,6
20199,2,2
24167,2,7
68198,2,3
23878,2,7
P,2,3,698,3864.78
D,2,7
P,2,3,2306,4881.03
P,2,3,247,4276.63
O,2,3,2435
P,2,3,313,262.02
N,331,2,3,6
35463,2,2
22070,2,10
28212,2,9
4151,2,3
66015,2,10
13867,2,6
N,2211,2,3,7
72927,2,1
97442,2,3
39239,2,1
16103,2,10
31343,2,6
93877,2,1
73351,2,6
P,1,3,2208,2838.86
P,2,3,74,1052.61
D,2,9
P,2,3,1279,2631.58
N,2307,2,3,11
81526,2,2
22215,2,6
28355,2,3
65222,2,5
14567,2,10
81623,2,6
15294,2,5
55250,2,7
83047,2,3
63201,2,10
30243,2,3
P,2,3,1249,2036.83
N,47,2,3,10
31678,2,4
98023,2,4
45733,2,5
8007,2,3
80579,2,1
36518,2,2
48803,2,7
77519,2,10
69287,2,4
44643,2,8
N,1408,2,3,6
97911,2,2
64535,2,6
33734,2,6
15782,2,5
95959,2,8
94631,2,2
N,1918,2,3,13
1591,2,2
89279,2,9
93878,2,3
5947,2,8
47393,2,2
36327,2,7
36295,2,8
2623,2,9
46821,2,7
48538,2,7
38231,2,5
80593,2,6
40422,2,10
O,2,3,945
S,2,3,10,49
N,2027,2,3,11
76517,2,7
56545,2,4
72871,2,10
14055,2,7
56487,2,4
75343,2,10
60647,2,6
13987,2,8
4509,2,9
44468,2,5
97927,2,7
N,2747,2,3,9
98905,2,9
69350,2,1
32327,2,4
20047,2,5
81575,2,6
27111,2,4
15079,2,6
34967,2,5
19941,2,6
O,2,3,2210
N,1007,2,3,14
93891,2,5
81634,2,5
65047,2,2
88339,7,6
5684,2,8
31839,2,7
54501,2,5
21727,2,3
89237,2,2
45637,2,6
96740,2,1
22566,2,8
56028,2,4
77479,2,7
N,1153,2,3,15
69283,2,9
23123,2,9
21991,2,9
35431,2,5
11751,2,8
73189,2,3
4935,2,1
97483,2,10
54527,2,4
31971,2,8
57059,2,9
75476,2,9
13789,2,2
33470,2,6
2881,2,9
P,2,3,1147,585.14
S,2,3,10,40
N,543,2,3,12
48862,2,9
10250,2,1
84711,2,9
14531,2,2
52835,2,5
2119,2,9
23781,2,10
54983,2,5
6101,2,6
65254,2,5
65255,2,8
80038,2,10
N,2142,2,3,12
95973,2,6
47335,2,5
84687,2,1
55879,2,6
15591,2,2
64167,2,5
97990,2,5
87399,2,5
5907,2,8
12002,2,4
20901,2,7
39132,2,7
N,2304,2,3,10
81633,2,8
1735,2,4
86647,2,4
16102,2,1
5941,2,3
59111,2,10
3427,2,7
31202,2,9
81127,2,7
13047,2,10
P,4,7,1163,2364.03
N,2800,2,3,6
65159,2,1
92867,2,4
30183,2,2
50118,2,6
36197,2,3
57062,2,4
N,1257,2,3,14
64905,2,5
61089,2,10
73319,2,4
12863,2,4
32446,2,2
48805,2,6
77525,2,5
60391,2,4
87635,2,2
5173,2,5
81443,2,10
72103,2,5
40343,2,2
76853,2,3
N,2866,2,3,5
31335,2,1
15079,2,4
61213,2,1
89819,2,1
2117,2,9
P,2,3,2179,2679.48
I,2,3,32
N,193,2,3,7
14743,2,2
72934,2,1
68199,2,7
56798,2,7
81639,2,7
48327,2,7
45915,2,8
I,2,3,24
P,2,3,51,1797.52
P,2,3,626,750.86
P,2,3,2278,943.49
P,2,3,1067,1600.59
N,2561,2,3,14
77277,2,1
80999,2,8
48550,2,8
22209,2,6
87523,2,3
21155,2,6
5439,2,1
54999,2,5
35558,2,9
81566,2,7
95702,2,10
2115,2,10
48454,2,5
15933,2,4
S,2,3,15,38
D,2,10
N,2219,2,3,8
88783,2,7
98022,2,7
13543,2,10
34520,2,3
69351,2,5
85725,2,1
63902,2,10
93407,2,3
N,1010,2,3,10
34983,2,7
87226,2,8
46727,2,3
48310,2,3
74435,2,4
56162,2,5
16095,2,5
15965,2,3
28309,2,3
2067,2,4
P,2,3,1344,3733.9
N,331,2,3,10
57029,2,1
64607,2,6
23319,2,1
93651,2,5
2119,2,2
18966,2,9
85415,2,9
48295,2,6
47845,2,3
56930,2,6
P,2,3,1375,4090.53
I,2,3,47
N,2907,2,3,8
39633,2,4
75495,2,2
42469,2,5
31954,2,5
68324,2,4
47847,2,5
32228,2,7
56935,2,9
P,2,3,1118,4994.63
I,2,3,41
P,2,3,1791,222.46
D,2,2
N,2179,2,3,7
57062,2,4
93923,2,10
37518,2,6
22243,2,1
65253,2,4
27863,2,5
79526,2,4
P,3,3,1794,2302.35
O,2,3,128
P,2,3,1979,689.97
S,2,3,10,38
D,2,10
P,2,3,267,2336.8
N,507,2,3,9
69333,2,9
96740,2,6
79008,2,3
81051,2,7
16070,2,2
3799,2,4
99421,2,3
90340,2,2
52947,2,10
D,2,2
P,2,3,999,2805.78
P,2,3,1601,997.83
P,6,8,2300,2758.17
P,2,3,2209,3739.62
N,963,2,3,12
56475,2,6
44499,2,6
89407,2,3
31933,2,5
35805,2,3
24023,2,5
84757,2,10
78563,2,8
89799,2,9
6199,2,4
73447,2,8
60455,2,3
P,2,3,2489,2733.81
P,2,3,2159,453.31
N,331,2,3,9
68519,2,1
47589,2,4
48733,2,4
97511,2,7
80611,2,6
81280,2,10
93599,2,3
15021,2,7
73061,2,3
N,75,2,3,10
89510,2,2
45647,2,1
39527,2,2
48791,2,7
56407,2,7
28390,2,7
80967,2,3
38247,2,9
65255,2,10
48869,2,4
N,1267,2,3,7
56963,2,6
47302,2,6
89503,2,10
48787,2,10
56919,2,8
88678,2,1
15078,2,3
P,2,3,275,961.71
D,2,4
N,2189,2,3,10
32467,2,1
40156,2,3
92644,2,6
69287,2,5
47071,2,2
32337,2,6
28131,2,9
23203,2,3
22111,2,2
62947,2,2
O,2,3,2242
N,319,2,3,5
48447,2,2
45719,2,7
48292,2,1
30435,2,5
6174,2,10
N,1726,2,3,10
48327,2,10
28291,2,9
65153,2,7
28135,2,7
65235,2,1
80471,2,8
78286,2,9
76389,2,7
36485,2,3
81479,2,4
N,2307,2,3,7
6151,2,1
5058,2,7
56823,2,10
95463,2,4
87653,2,5
48262,2,9
1095,2,6
N,203,2,3,9
48870,2,8
15583,2,4
98019,2,9
48663,2,4
32479,2,1
2981,2,1
89814,2,1
8647,2,8
81126,2,10
N,2227,2,3,9
26021,2,1
81549,2,3
36579,2,4
93851,2,10
54947,2,2
80422,2,9
11830,2,1
35515,2,7
92135,2,9
O,2,3,1283
P,2,3,323,598.46
O,2,3,2233
P,2,3,2307,425.88
O,2,3,275
D,2,8
D,2,2
P,2,3,1202,4850.07
O,2,3,2289
P,1,7,2027,3507.79
P,7,9,2305,2984.92
I,2,3,28
P,2,3,2235,68.38
S,2,3,18,28
I,2,3,28
N,1283,2,3,9
16103,2,5
93919,2,7
71050,2,8
97889,2,7
83667,2,7
56167,2,8
52830,2,7
81127,2,5
15175,2,7
P,2,3,1301,1493.76
N,1794,2,3,14
93797,2,7
62913,2,7
31421,2,4
15847,2,10
5575,2,2
23634,2,9
93926,2,9
72679,2,8
54893,2,2
24263,2,2
15847,2,8
81639,2,8
29669,2,4
64167,2,4
P,2,3,756,4888.51
P,2,3,895,1750.8
P,2,3,1251,219.11
D,2,8
D,2,1
N,71,2,3,15
27879,2,3
12245,2,9
80514,2,5
28382,2,8
32327,2,8
29095,2,8
24807,2,5
54947,2,8
79206,2,6
61124,2,10
73295,2,5
32391,2,10
29517,2,3
61927,2,2
54975,2,8
P,2,3,1123,2806.49
D,2,2
O,2,3,266
S,2,3,13,41
P,2,3,1255,2828.8
D,2,3
N,2274,2,3,15
22015,2,3
24131,2,7
48817,2,1
6085,2,9
36060,2,1
48871,2,7
73383,2,5
15077,2,6
32355,2,10
89276,2,2
56886,2,1
43745,2,8
98021,2,10
96966,2,5
31939,2,4
P,2,3,2046,4417.43
N,230,2,3,9
9660,2,1
56932,2,3
55015,2,10
36518,2,8
4063,2,6
79811,2,8
44647,2,3
48831,2,6
11743,2,4
O,2,3,1471
N,1987,2,3,7
22053,2,7
81614,2,3
77404,2,6
57062,2,9
40631,2,6
39906,2,10
69207,2,8
N,575,2,3,11
18147,2,1
22215,2,10
89570,2,6
22822,2,6
52836,2,10
89762,2,5
34436,2,10
24292,2,10
75110,2,8
77447,2,1
34501,2,2
N,755,2,3,14
1086,2,9
23260,2,8
73315,2,7
2076,2,2
97377,2,8
97955,2,3
14560,2,10
39639,2,6
26270,2,2
56791,2,4
94947,2,7
81631,2,2
46823,2,4
54982,2,4
N,1155,2,3,5
54879,2,2
65255,2,3
89663,2,9
23876,2,9
57047,2,5
N,1219,2,3,14
62503,2,4
19153,2,5
31391,2,2
22743,2,5
81623,2,4
4162,2,5
77031,2,9
77031,2,10
31458,2,8
55991,2,3
24035,2,6
27239,3,6
98023,2,5
5959,2,10
P,2,3,313,1761.14
S,2,3,11,20
N,2769,2,3,13
15989,2,9
47571,2,10
28263,2,4
85723,2,7
29927,2,8
65235,2,1
81633,2,6
24039,2,7
62620,2,9
70591,2,3
23263,2,2
45671,2,9
29287,2,2
P,2,3,1282,2421.44
P,2,3,1027,3182.49
P,8,4,1242,127.99
N,2814,2,3,5
97828,2,6
64737,2,4
46749,2,1
14055,2,3
59939,2,4
P,2,3,2243,3496.57
P,2,3,1219,2727.94
N,2177,2,3,7
37605,2,5
40129,2,7
43303,2,2
89795,2,3
40673,2,3
76980,2,2
15526,2,6
N,1283,2,3,15
11365,2,7
32479,2,8
46533,2,8
36124,2,7
52627,2,9
47765,2,8
32326,2,5
71349,2,4
88799,2,3
56725,2,3
96997,2,1
14950,2,2
23127,2,9
64711,2,3
93855,2,2
I,2,3,26
N,2233,2,3,14
3650,2,3
24213,2,4
54883,2,7
79587,2,3
78567,2,2
53567,2,10
52439,2,9
48871,2,9
65227,2,9
23780,2,9
56886,2,1
47334,2,1
46181,2,1
81279,2,2
P,2,3,1150,3423.38
D,2,8
N,1150,2,3,11
24166,2,4
30331,2,4
53454,2,5
89575,2,2
48835,2,1
16049,2,10
23270,2,2
23755,2,6
16103,2,1
71329,2,8
73311,2,9
N,2784,2,3,5
15550,2,2
44135,2,1
14529,2,3
45615,2,7
32301,2,3
N,2027,2,3,12
47811,2,5
97959,2,8
4163,2,2
14399,2,7
57684,2,3
13010,2,1
19171,2,1
48599,2,3
23775,2,9
29311,2,7
92839,2,7
14135,2,9
P,2,3,151,950.96
S,2,3,17,36
P,8,6,75,4305.62
N,2273,2,3,12
5666,2,5
27623,2,4
61915,2,10
57057,2,5
44743,2,3
32487,2,8
34199,2,1
14307,2,10
4927,2,8
1921,2,8
32471,2,6
51827,2,3
P,1,10,2307,3386.44
P,2,3,2047,4466.22
I,2,3,22
P,2,3,139,2073.53
N,563,2,3,15
15007,2,3
81633,2,1
79584,2,6
71011,2,3
775,2,4
96983,2,8
23267,2,6
6190,2,5
15005,2,3
32483,2,10
41951,2,2
31460,2,10
31885,2,4
24759,2,2
71397,2,8
N,2290,2,3,11
89764,2,8
46823,2,6
56529,3,9
83682,2,7
71367,2,9
7932,2,6
72423,2,3
58851,2,9
12903,2,6
14818,2,10
56471,2,8
P,2,3,2946,220.6
S,2,3,16,23
N,115,2,3,8
98021,2,5
15043,2,10
72923,2,6
69327,2,6
48094,2,3
79583,2,4
24294,2,5
4740,2,6
D,2,8
D,2,8
D,2,3
P,2,3,1147,569.63
P,2,3,635,757.42
P,2,3,171,4717.81
N,1279,2,3,8
89319,2,4
12007,2,6
15950,2,4
89059,2,6
88487,2,8
26287,2,10
13907,2,7
40398,2,3
N,155,2,3,7
14567,2,6
39495,2,6
39399,2,4
98023,2,4
89509,2,8
75331,2,2
32407,2,6
P,7,4,2271,1147.1
N,2047,2,3,14
35509,2,7
86972,2,3
5943,2,9
35971,2,7
19514,2,3
97761,2,6
97511,2,4
89831,2,7
81158,2,2
23653,2,5
48610,2,5
40517,2,6
52930,2,7
32451,2,2
P,2,3,769,552.16
P,8,10,2690,3187.18
P,2,3,1795,2655.28
N,2113,2,3,7
19398,2,2
73055,2,5
5916,2,8
28391,2,9
13373,2,3
94807,2,6
28375,2,7
N,1123,2,3,10
89799,2,7
36391,2,6
44572,2,2
64727,2,5
86735,2,4
11367,2,1
23765,2,5
22015,2,3
97765,2,9
44710,2,7
P,2,3,1663,3746.59
N,757,2,3,11
70231,2,2
62142,2,9
40039,2,2
65171,2,10
47238,2,4
91877,2,2
76480,2,9
69207,2,9
33745,2,8
92775,2,10
6196,2,7
N,2265,2,3,5
86820,2,8
81511,2,6
5829,2,4
48229,2,7
40421,2,1
P,2,3,330,4567.47
D,2,9
N,707,2,3,8
48868,2,5
63623,2,5
79559,2,9
64598,2,2
13706,2,6
40665,2,8
5190,2,3
11879,2,2
P,2,3,2050,4322.46
S,2,3,15,49
N,328,2,3,6
14269,2,5
75421,2,9
48797,2,7
48807,2,6
63950,2,5
64231,2,8
I,2,3,33
N,627,2,3,12
64183,2,6
71751,2,7
73285,2,9
24135,2,5
73380,2,9
28037,2,2
32487,2,2
64727,2,9
89575,2,5
5186,2,4
48195,2,5
24295,2,8
N,1495,2,3,10
2011,2,4
48813,2,4
85727,2,10
23878,2,8
55015,2,10
77394,2,6
57012,2,1
78887,2,10
67271,2,1
72839,2,1
I,2,3,44
P,2,3,289,680.22
