N,593,2,4,10
34471,2,7
24231,2,9
77349,2,9
64979,2,3
4846,2,3
23741,2,8
4651,2,8
31182,2,8
15837,1,8
89799,2,1
P,2,4,1217,815.87
N,295,2,4,7
64582,2,9
94951,2,3
87783,2,10
40607,2,5
56935,2,10
97919,2,1
61718,2,9
P,2,4,1788,1658.24
P,2,4,1109,2644.58
P,6,3,2243,4682.7
N,75,2,4,11
89175,2,4
89253,2,2
43535,2,3
56999,2,8
79555,2,9
5639,2,9
69351,2,3
16052,2,1
60870,2,8
6209,2,4
73170,2,3
S,2,4,14,32
P,2,4,763,3118.95
N,1235,2,4,8
69254,2,4
36045,2,7
22230,2,7
32419,2,9
57031,2,6
64997,2,4
46695,2,8
84255,2,6
N,955,2,4,5
11783,2,4
19057,2,6
24269,2,3
89831,2,10
50771,2,9
N,894,2,4,7
16093,2,10
81639,2,4
38565,2,2
19901,2,8
73441,2,5
82271,2,9
53885,2,1
N,1267,2,4,13
30439,2,4
9959,2,5
73317,2,6
45799,2,6
48342,2,1
12321,2,8
50871,2,1
39911,2,10
31631,2,1
59102,2,6
38631,2,10
59,2,6
32355,2,2
I,2,4,44
P,2,4,2816,2135.61
N,2808,2,4,14
20191,2,3
71268,2,7
24229,2,9
44771,2,6
56295,2,1
15969,2,2
46261,2,9
95946,2,2
19367,2,2
62624,2,3
24294,2,1
85735,2,3
63683,2,8
24276,2,2
P,2,4,279,3322.06
P,2,4,2307,1642.07
N,1203,2,4,14
23270,2,1
64711,2,9
5703,2,6
39115,2,7
64741,2,2
48743,2,5
1671,2,10
54991,2,6
5571,2,7
55397,2,5
88293,2,3
19808,2,2
89318,2,10
76327,2,7
N,2011,2,4,13
64385,2,2
96359,2,6
65246,2,6
72926,2,7
98019,2,9
88667,2,9
31911,2,7
40675,2,7
48797,2,7
78887,2,7
71727,2,10
11486,2,4
11749,2,5
D,2,3
P,2,4,2305,906.87
N,265,2,4,15
96735,2,3
80773,2,9
72287,2,3
79079,2,9
39141,2,3
47191,2,2
81354,2,10
31205,2,1
98389,2,10
64828,2,6
77516,2,1
88545,2,10
88725,2,5
81126,2,7
62183,2,3
N,954,2,4,14
15771,2,5
60627,2,2
46589,2,9
97639,2,9
71079,2,1
53079,2,7
93373,2,9
71055,2,5
47061,2,8
52955,2,1
81606,2,3
47445,2,9
56001,2,6
88549,2,5
N,2873,2,4,5
46758,2,4
73191,2,5
21991,2,3
30159,2,7
88807,2,10
P,2,4,1634,2881.02
N,1776,2,4,5
56222,2,9
71311,2,2
59233,2,7
67283,2,1
20199,2,4
I,2,4,40
N,1662,2,4,11
48359,2,3
56031,2,2
19686,2,7
80071,2,4
44515,2,9
56836,2,2
43719,2,8
89831,2,6
40679,2,8
96869,2,9
87614,2,10
N,2755,2,4,13
5183,2,4
15733,2,6
66194,2,6
81085,2,6
89063,2,9
66269,2,4
65189,2,2
52953,2,2
16079,2,7
43015,2,8
73415,2,2
41564,2,6
36547,2,4
I,2,4,42
N,2179,2,4,12
6110,2,3
59046,2,8
72934,2,10
40159,2,3
42470,2,6
14951,2,10
21687,2,4
40617,2,1
81054,2,9
13734,2,3
60211,2,7
24247,2,8
D,2,1
N,71,2,4,6
19143,2,7
89607,2,7
99927,2,1
73431,2,8
95927,2,3
5959,2,2
S,2,4,20,48
N,331,2,4,12
56787,2,6
51935,2,8
34167,2,4
56509,2,2
37559,2,7
73317,2,5
81383,2,7
58141,2,6
44463,2,8
8261,2,8
6087,2,4
59103,2,7
P,2,4,1763,2759.74
P,2,4,671,1512.63
P,2,4,159,4794.69
P,4,8,1523,2549.93
N,1265,2,4,10
1095,2,9
19495,2,5
53937,2,2
15847,2,9
39907,2,6
55047,2,9
57931,2,9
30678,2,3
48051,3,8
85159,2,1
P,2,4,309,3993.49
P,8,9,2263,1338.37
N,928,2,4,5
52959,2,5
55523,2,10
49366,2,5
72127,2,10
36327,2,2
N,2755,2,4,12
60899,2,8
75495,2,4
98023,2,9
6080,2,1
70246,2,10
48707,2,2
89439,2,9
3950,2,7
48819,2,4
52967,2,5
89308,2,1
36519,2,8
N,1203,2,4,9
71910,2,3
32487,2,1
92839,2,10
35269,2,6
65255,2,5
44903,2,3
9827,2,2
81549,2,9
83345,2,4
P,2,4,67,643.91
N,321,2,4,13
89831,2,7
89789,2,5
67815,2,8
23727,2,9
73383,2,7
60897,2,8
24291,2,5
89303,2,1
57055,2,10
55503,2,6
22567,2,10
79334,2,1
43106,2,6
S,2,4,11,29
N,751,2,4,5
62311,2,3
98022,2,7
85443,2,3
83619,2,2
30097,2,9
P,2,4,1283,369.59
P,2,4,1153,2455.77
D,2,1
P,2,4,2435,2785.66
O,2,4,2284
P,2,4,2418,1817.7
P,2,4,182,863.04
P,2,4,1976,4421.43
P,4,5,132,4091.1
O,2,4,1056
I,2,4,42
N,513,2,4,12
87010,2,3
40543,2,4
15588,2,8
33763,2,5
71399,2,2
64615,2,4
3783,2,5
6183,2,6
40087,2,2
79583,2,3
97847,2,7
3804,2,7
P,2,4,281,4911.96
P,2,4,2167,4668.41
N,2133,2,4,7
89319,2,5
85367,2,9
71335,2,10
54435,2,1
72165,2,1
54839,2,6
98003,2,5
P,2,4,2258,526.44
N,1183,2,4,8
1789,2,8
81105,2,6
24229,2,10
38103,2,9
29398,2,9
36579,2,3
89398,2,2
64723,2,5
N,63,2,4,6
97989,2,10
48869,2,9
95587,2,2
24291,2,6
31255,2,6
53951,2,8
N,1792,2,4,7
40631,2,10
40162,2,7
56282,2,5
94951,2,3
40614,2,3
39,2,9
43991,2,9
P,7,9,287,3748.9
P,2,4,1897,2884.71
N,2557,2,4,9
2803,2,4
61159,2,8
13515,2,1
47077,2,7
65183,2,5
55906,2,7
95647,2,4
73423,2,8
89255,2,3
O,2,4,2942
D,2,7
D,2,4
N,898,2,4,7
35423,2,10
12223,2,3
32215,2,2
31253,2,1
20071,2,9
37556,2,3
24294,2,2
D,2,2
P,2,4,195,156.37
P,2,4,1772,3111.23
O,2,4,323
N,2299,2,4,10
79015,2,2
55911,2,2
22719,2,5
48343,2,9
56999,2,1
71103,2,7
52615,2,3
56926,2,4
10055,2,2
88645,2,10
N,1891,2,4,7
81214,2,10
39115,2,9
45479,2,4
13495,2,5
57052,2,1
64192,2,8
25753,2,8
P,2,4,1123,237.75
S,2,4,20,39
N,1535,2,4,11
55013,2,3
24172,2,6
89827,2,7
97954,2,1
85691,2,4
80475,2,5
69071,2,9
89813,2,6
57047,2,7
89447,2,10
73182,2,7
P,2,4,267,4156.99
P,2,4,1135,1599.92
P,2,4,1283,4250.7
S,2,4,15,26
D,2,8
P,2,4,1727,4088.02
N,138,2,4,10
81524,2,6
40295,2,8
89303,2,9
52967,2,1
32193,2,2
63037,2,2
64965,2,9
48566,2,9
39,2,4
27796,2,5
N,2033,2,4,10
13701,2,8
21670,2,3
13523,2,5
97539,2,9
95959,2,6
4148,2,9
58979,2,4
85730,2,8
81375,2,7
16102,2,1
P,2,4,2265,3450.35
N,979,2,4,12
20197,2,8
12867,2,5
99013,2,5
83642,2,5
12000,2,1
89317,2,7
23075,2,6
97859,2,9
18843,2,5
97702,2,7
12035,2,5
97015,2,1
N,2305,2,4,14
15459,2,9
73447,2,8
89831,2,5
64743,2,3
15904,2,9
48287,2,3
10983,2,10
40551,2,2
2115,2,7
38599,2,5
3712,2,5
16080,2,3
48486,2,8
14823,2,4
P,2,4,737,2233.04
O,2,4,283
P,2,4,2175,2314.65
P,2,4,1209,819.52
N,561,2,4,8
95940,2,6
22091,2,4
32483,2,4
88779,2,7
16066,2,7
81604,2,3
16095,2,8
80710,2,7
S,2,4,17,45
P,2,4,43,1670.22
I,2,4,45
N,243,2,4,12
89695,2,5
64418,2,2
85442,2,2
6087,2,3
28354,2,5
12231,2,6
73319,2,8
48197,2,3
45175,2,2
32485,2,9
48549,2,10
15974,2,8
N,1781,2,4,10
48326,2,10
89811,2,2
89514,2,6
89313,2,7
69351,2,3
42161,2,2
36031,2,5
31543,2,1
31806,2,4
30172,2,2
P,6,5,1795,984.12
N,1273,2,4,10
89807,2,10
48827,2,3
97951,2,2
73399,2,9
89831,2,8
93859,2,3
32358,2,6
46823,2,4
38027,2,9
62789,2,5
P,2,4,2657,4556.51
N,1695,2,4,5
48871,2,10
97957,2,8
10457,2,10
80349,2,3
2694,2,9
P,2,4,1212,2647.22
P,2,4,1747,2692.37
N,1651,2,4,14
94805,2,9
89815,2,9
12005,2,6
80021,2,10
73366,2,8
87391,2,9
62630,2,9
29843,2,10
16071,2,4
54886,2,8
96933,2,6
54567,2,9
87237,2,4
24295,2,10
P,2,4,41,2971.17
P,6,8,59,2841.79
P,2,4,2659,2575.82
S,2,4,19,32
P,2,4,703,2775.84
P,3,4,1431,4503.92
N,1267,2,4,15
15575,2,5
91819,2,4
15479,2,7
23991,2,2
32419,2,7
80527,2,7
79969,2,7
21927,2,5
81627,2,7
72419,2,9
91783,2,8
39655,2,7
67751,2,2
1983,2,5
87759,2,1
S,2,4,20,32
P,2,4,2243,1100.9
N,2045,2,4,8
40620,2,5
64995,2,9
39142,2,6
85709,2,9
20519,2,9
43557,2,4
67299,2,1
32339,2,3
N,1977,2,4,7
50023,2,3
97987,2,9
87775,2,6
6145,2,4
89811,2,10
55971,2,7
73235,2,6
P,2,4,2806,3612.2
N,31,2,4,5
11671,2,4
52887,2,7
58775,2,7
30422,2,6
56609,2,8
P,2,4,979,624.99
P,2,4,2819,2302.44
P,2,4,1275,937.98
P,2,4,643,3841.62
P,2,4,1271,2046.38
N,1729,2,4,10
89317,2,1
97927,2,9
15843,2,9
60567,2,3
63302,2,10
35867,2,1
56481,2,7
6179,2,6
57063,2,1
6150,2,2
N,1155,2,4,5
6150,2,8
71623,2,2
32103,2,1
15271,2,4
98020,2,9
P,2,4,1144,73.08
P,2,4,1795,4450.02
N,1283,2,4,14
5071,2,9
46183,2,5
46773,2,10
15706,2,9
97733,2,5
97701,2,1
48039,2,5
5413,2,10
23678,2,4
48325,2,7
64934,2,4
15575,2,2
75299,2,4
14051,2,10
P,2,4,2307,2413.32
I,2,4,35
P,2,4,1251,4202.88
O,2,4,479
N,1263,2,4,6
30427,2,6
97998,2,3
73254,2,7
27367,2,2
6194,2,4
81094,2,10
N,75,2,4,5
18151,2,4
13955,2,4
14018,2,6
52479,2,7
24167,2,7
P,2,4,769,3728.33
P,2,4,2135,4598.31
P,2,4,727,3644.49
P,2,4,1442,4386.06
P,2,4,160,484.04
N,1150,2,4,8
72209,2,1
22694,2,7
32225,2,5
15801,2,3
64991,2,10
97951,2,4
3622,2,8
12669,2,4
N,322,2,4,6
13669,2,9
5031,2,3
72903,2,5
80871,2,1
15813,2,3
70013,7,6
P,2,4,1789,2178.18
N,2049,2,4,5
13663,2,7
22098,2,2
52646,2,5
69315,2,10
63623,2,10
I,2,4,45
P,2,4,1582,1066.81
N,2291,2,4,6
60899,2,10
6213,2,10
73431,2,2
89415,2,10
4158,2,8
53974,2,3
P,2,4,311,4832.83
P,2,4,327,2007.35
P,2,4,755,4757.56
P,2,4,1121,208.71
N,2804,2,4,13
96359,2,3
96464,2,6
70841,2,2
5606,2,1
94693,2,7
95451,2,1
14394,2,1
24229,2,6
44766,2,1
9530,2,2
16095,2,3
61031,2,6
40679,2,6
N,1885,2,4,9
14801,2,7
81382,2,10
72046,2,10
64947,2,5
80579,2,3
85629,2,5
47766,2,9
81125,2,2
69220,2,1
N,312,2,4,10
83431,2,4
95943,2,6
34534,2,7
88675,2,4
54951,2,9
14039,2,9
98019,2,5
77029,2,3
73422,2,9
73445,2,6
N,2283,2,4,7
94399,2,9
40678,2,3
48848,2,10
30439,2,3
76705,2,9
34406,2,4
4163,2,8
P,2,4,2818,37.95
N,2542,2,4,10
19671,2,5
92753,2,3
23715,2,1
36455,2,6
15078,2,2
75435,2,2
21874,2,8
89799,2,8
24161,2,6
70743,2,6
N,816,2,4,9
25285,2,8
53951,2,8
93919,2,5
95975,2,1
39223,2,2
72932,2,5
32485,2,6
13895,2,6
6181,2,10
P,2,4,325,2978.49
N,2307,2,4,10
68873,2,8
55976,2,8
23270,2,3
30375,2,2
4103,2,1
48853,1,9
44006,2,1
64999,2,5
96775,2,4
40676,2,9
P,2,4,2047,1226.97
N,1495,2,4,8
67222,2,2
81095,2,3
97883,2,6
84643,2,2
22918,2,8
28343,2,6
89253,2,6
5887,2,1
N,707,2,4,11
75317,2,4
44757,2,6
21847,2,10
29511,2,7
79575,2,6
80475,2,9
24003,2,5
20707,2,2
38567,2,10
40146,2,3
48479,2,8
P,2,4,2233,2614.99
P,2,4,1115,2676.71
N,1250,2,4,8
89293,2,1
4063,2,7
81223,2,7
65237,2,5
52279,2,4
6083,2,7
64871,2,8
38430,2,4
P,2,4,1890,4664.54
N,65,2,4,13
55495,2,4
57063,2,5
17831,2,4
22235,2,6
48359,2,1
81591,2,3
44189,2,7
57061,2,9
30410,2,3
69318,2,3
1854,2,9
56935,2,2
48791,2,4
P,2,4,1282,3663.21
P,2,4,311,1932.83
D,2,7
N,2163,2,4,11
81511,2,8
73399,2,9
46789,2,4
97335,2,2
24034,2,2
47260,2,8
53733,2,1
31455,2,4
97721,2,3
999,2,1
40391,2,8
S,2,4,11,45
D,2,3
D,2,8
N,2175,2,4,13
80339,2,8
92382,2,4
95843,2,5
72854,2,1
72672,2,7
67943,2,7
35399,2,7
93863,2,1
64231,2,3
53959,2,9
20055,2,7
81603,2,2
16092,2,8
P,7,9,1247,3922.43
N,737,2,4,14
1991,2,5
75483,2,8
24295,2,6
61133,2,7
14055,2,3
73372,2,5
23254,2,4
54883,2,6
97999,2,2
36519,2,3
55459,2,4
81639,2,7
96471,2,3
48534,2,4
P,2,4,768,2802.3
S,2,4,11,44
N,1187,2,4,15
10983,2,5
58591,2,7
71391,2,10
71317,2,2
88709,2,2
64847,2,5
46799,2,5
40491,2,8
6151,2,3
11998,2,1
99039,2,2
64198,2,5
15043,2,2
48547,2,3
26151,2,10
N,2177,2,4,5
38855,2,1
48359,2,8
81567,2,3
13508,2,9
15975,2,1
P,2,4,195,3689.66
N,753,2,4,15
45795,2,10
27964,2,7
4102,2,1
81630,2,8
55959,2,3
15535,2,2
70699,2,4
15838,2,9
38361,2,5
46691,2,1
28643,2,10
93903,2,1
80131,2,1
68802,2,10
21603,2,8
P,2,4,2815,1230.43
N,2779,2,4,6
50886,2,9
16030,2,7
97951,2,3
77471,2,6
40339,2,1
67175,2,4
N,2173,2,4,9
37535,2,8
89797,2,3
15591,2,5
97699,2,2
85549,2,6
44518,2,5
30783,2,4
22503,2,2
97638,2,2
N,1155,2,4,14
14821,2,3
23623,2,9
36511,2,9
11476,2,6
13927,2,5
64743,2,4
9329,2,1
1346,2,1
12517,2,2
89795,2,10
8647,2,8
39654,2,4
48855,2,2
3905,2,6
S,2,4,11,31
N,257,2,4,10
37478,2,4
27487,2,6
89628,2,10
48327,2,5
87173,2,6
84612,2,6
77475,2,9
65096,2,8
61143,2,4
63436,2,8
N,2819,2,4,5
5035,2,1
31893,2,6
15057,2,7
89239,2,6
81511,2,10
P,5,9,1978,3853.96
S,2,4,14,30
N,171,2,4,11
833,2,6
50402,2,6
69345,2,4
79815,2,5
32421,2,7
80687,2,5
16053,2,7
48599,2,2
48863,2,9
79991,2,6
56989,2,1
N,739,2,4,12
30820,2,3
35266,2,6
97447,2,8
55973,2,3
99941,2,9
6015,2,6
32423,2,9
11490,2,5
88595,2,9
36550,2,10
60894,2,9
89831,2,4
N,313,2,4,6
35493,2,1
24245,2,6
443,2,6
64599,2,1
48672,2,4
81569,2,4
N,2307,2,4,10
73445,2,10
12519,2,7
80551,2,1
85507,2,1
49655,2,8
64691,2,3
75167,2,6
16807,2,9
3127,2,1
80141,2,3
N,1995,2,4,6
30055,2,8
50839,2,3
48805,2,9
76891,2,4
83,2,5
89691,2,9
N,2178,2,4,14
52631,2,8
78820,2,8
81055,2,4
69282,2,6
48039,2,2
55015,2,2
64214,2,2
95323,2,8
48472,2,7
60634,2,9
78437,2,5
88805,2,3
89799,2,10
24231,2,8
N,2755,2,4,8
14558,2,7
6115,2,2
32483,2,7
59593,2,8
30951,2,8
5847,2,4
51653,2,2
20191,2,1
N,1143,2,4,15
9250,2,8
40423,2,4
80982,2,9
56933,2,5
81121,2,2
75450,2,6
48823,2,8
75486,2,7
4165,2,2
39261,2,1
13479,2,7
44035,2,8
69349,2,4
23488,2,10
69269,2,5
N,738,2,4,13
36581,2,2
73381,2,5
15462,2,6
24159,2,9
26854,2,6
40418,2,9
62951,2,6
73399,2,8
72695,2,8
32102,2,7
30933,2,4
32454,2,6
65253,2,8
S,2,4,15,36
N,198,2,4,11
16103,2,4
24231,2,4
64871,2,7
31134,2,7
15531,2,4
93735,2,2
89543,2,1
98015,2,9
47799,2,4
81571,2,8
6149,2,8
N,169,2,4,9
95934,2,2
79414,2,3
16095,2,8
87719,2,2
55558,2,5
56439,2,1
52961,2,6
77492,2,1
80607,2,6
O,2,4,1091
P,2,4,1249,3346.76
N,1531,2,4,15
24167,2,5
24219,2,3
95449,2,9
16067,2,7
79463,2,9
13927,2,2
8999,2,9
73442,2,6
81568,2,5
80081,2,4
32167,2,1
64839,2,5
20131,2,7
47335,2,3
12103,2,7
N,2175,2,4,10
71399,2,5
78039,2,7
38587,2,4
82086,2,10
72581,2,3
50405,2,2
65118,2,4
73439,2,1
6181,2,2
23768,2,4
N,1011,2,4,6
38623,2,6
61125,2,8
5431,2,9
9767,2,9
61159,2,9
29411,2,5
P,2,4,1187,4741.52
O,2,4,1382
P,2,4,1027,2243.12
N,1535,2,4,6
28391,2,5
68119,2,5
97987,2,5
93855,2,10
81503,2,7
51815,2,2
P,4,5,329,1236.26
P,2,4,2283,4880.64
N,2306,2,4,15
93766,2,7
61095,2,3
40503,2,8
68327,2,1
18460,2,5
56919,2,9
28899,2,1
56831,2,1
4935,2,5
73399,2,9
80585,2,6
81596,2,5
15957,2,5
54437,2,1
6725,2,8
