P,8,5,1155,3438.1
P,2,4,1283,139.04
P,2,4,2225,4797.47
N,643,2,4,15
51941,2,9
48702,2,2
5885,2,9
81571,2,2
14053,2,1
59867,2,3
23142,2,6
95447,2,1
55970,2,4
52949,2,1
6183,2,7
14559,2,3
76263,2,10
73334,2,2
15395,2,4
P,2,4,1277,941.82
D,2,1
P,2,4,2914,3867.9
D,2,10
N,1131,2,4,13
16103,2,8
22999,2,8
22226,2,7
44775,2,4
36963,2,5
54909,2,5
40679,2,10
52705,2,7
56442,2,1
52967,2,7
45761,2,9
24006,2,8
79583,2,2
S,2,4,20,43
P,2,4,734,1699.23
N,1787,2,4,14
79454,2,7
6213,2,1
89783,2,2
11364,2,1
39519,2,3
56732,2,3
92243,2,2
31975,2,3
83686,2,2
40487,2,7
46689,2,5
97510,2,1
40678,2,10
96799,2,8
P,2,4,2300,1219.02
P,5,6,2235,1860.87
O,2,4,1767
P,3,9,2049,4914.48
N,1729,2,4,10
39123,2,7
16078,2,3
75171,2,3
72391,2,10
63079,2,1
33973,2,2
30359,2,9
9703,2,4
97895,2,10
31174,2,6
D,2,10
N,1283,2,4,8
64455,2,4
54887,2,5
53667,2,5
89765,2,1
81315,2,2
20135,2,8
87759,2,10
5543,2,5
S,2,4,16,44
P,2,4,639,2092.03
P,2,4,2051,1946.55
S,2,4,18,46
N,770,2,4,9
39639,2,3
484,2,8
40668,2,10
16100,2,7
6215,2,3
22167,2,1
44006,2,9
89830,2,7
43238,2,9
P,2,4,107,1437.76
P,5,2,730,1597.56
S,2,4,17,40
I,2,4,27
N,267,2,4,13
96423,2,6
85416,2,3
30182,2,1
85062,2,2
81443,2,8
97255,2,1
5694,2,10
68602,2,6
20199,2,7
53855,2,3
44371,2,2
32454,2,7
40501,2,6
P,5,8,1277,1071.2
P,2,4,2298,1697.4
P,2,4,41,4004.77
D,2,5
P,8,6,2210,3935.81
P,2,4,545,769.01
N,115,2,4,13
10663,2,7
70757,2,8
65123,2,7
16013,2,9
60837,2,2
56535,2,3
13991,2,7
76487,2,7
64575,2,10
89681,2,1
48359,2,6
77407,2,4
88935,2,3
N,515,2,4,7
89763,2,6
70966,2,3
23703,2,6
85711,2,2
12287,2,10
29996,2,10
15078,2,2
N,323,2,4,15
60642,2,5
32295,2,5
89670,2,7
70749,2,9
72421,2,4
30799,2,10
8080,2,2
4151,2,9
4535,2,3
42631,2,8
96919,2,9
96995,2,8
20167,2,5
31970,2,6
14787,2,3
P,2,4,2899,3948.12
P,2,4,1026,343.03
N,1283,2,4,13
21991,2,5
15077,2,9
64229,2,4
28163,2,1
13862,2,8
88742,2,10
38523,2,3
14207,2,8
80224,2,5
64897,2,5
47831,2,7
87271,2,6
73445,2,7
P,2,4,1025,2478.58
N,315,2,4,9
57605,2,2
1987,2,5
57027,2,8
98023,2,5
86747,2,1
23583,2,4
2115,2,10
14124,2,10
55011,8,3
N,707,2,4,9
62439,7,3
65181,2,10
71847,2,10
42599,2,10
61133,2,6
88039,2,6
97959,2,10
44311,2,3
19990,2,8
D,2,4
N,2307,2,4,5
47283,2,9
63823,2,8
59414,2,8
56935,2,1
30951,2,8
P,2,4,1019,2482.59
D,2,9
P,8,8,2561,1661.58
N,2290,2,4,8
70903,2,10
52962,2,9
57030,2,5
5671,2,1
22857,2,5
32454,2,3
54967,2,7
57030,2,9
N,325,2,4,10
65247,2,2
40641,2,8
13733,2,8
45279,2,10
81631,2,9
80999,2,6
72343,2,5
32439,2,9
8535,7,8
22243,2,8
N,1474,2,4,14
26021,2,1
11490,2,6
47835,2,3
19939,2,5
97687,2,3
62887,2,9
22102,2,9
28387,2,5
81510,2,1
50389,2,10
23778,2,6
24160,2,5
73060,2,1
79075,2,9
I,2,4,41
P,2,4,122,1893.01
N,1695,2,4,9
48551,2,4
61135,2,7
73406,2,7
15694,2,6
95719,2,2
80551,2,1
56164,2,10
48711,2,5
31591,2,3
P,2,4,1283,2581.11
P,2,4,1699,2295.3
P,4,2,1123,3060.6
P,2,4,739,3322.0
N,1801,2,4,11
44711,2,2
66727,2,10
70373,2,1
96055,2,8
24203,2,8
89715,2,1
57055,2,2
87455,2,7
85189,2,2
34178,2,1
16097,2,10
P,2,4,2293,494.37
N,1275,2,4,5
96918,2,3
97380,2,8
90693,2,2
59350,2,7
31430,2,3
N,2747,2,4,6
88015,2,6
6045,2,5
5143,2,8
52102,2,6
13949,2,5
86487,2,5
N,1280,2,4,8
55774,2,4
15183,2,2
56509,6,10
22213,4,10
21735,2,10
23872,2,6
10790,2,5
77541,2,5
N,1790,2,4,5
65255,2,5
34733,2,6
6142,2,3
13798,2,10
89735,2,8
N,2818,2,4,12
4150,2,6
84391,2,7
64100,2,9
46180,2,9
98015,2,1
56753,2,8
5669,2,2
18150,2,6
60951,2,2
59047,2,4
89541,2,6
5942,2,2
N,2817,2,4,8
23780,2,10
59559,2,4
81382,2,3
21430,2,2
93311,2,4
89446,2,1
73399,2,4
95833,2,2
N,1699,2,4,11
1607,2,8
56991,2,4
81607,2,7
48076,2,6
40355,2,8
49751,2,8
98011,2,9
40318,2,4
73249,2,1
2115,2,5
14055,2,7
N,2879,2,4,13
53795,2,3
16080,2,6
24151,2,2
47207,2,10
98023,2,9
54702,2,4
79257,2,1
10935,2,4
24039,2,6
36517,2,5
56994,2,5
40359,2,1
20134,2,1
P,2,4,331,2865.25
N,235,2,4,6
61140,2,4
73383,2,5
48743,2,3
60769,2,8
89702,2,7
96995,2,7
N,2288,2,4,8
9951,2,1
57005,2,9
32387,2,5
42453,2,6
95654,2,5
16102,2,6
5367,2,7
39397,2,2
N,1279,2,4,6
4139,2,8
28579,2,3
81639,2,7
60871,2,5
24293,2,5
98019,2,4
N,314,2,4,8
97970,2,5
21167,2,5
61671,2,5
88750,2,10
20191,2,6
48679,2,4
81534,2,5
84963,4,9
P,2,4,1275,1211.18
O,2,4,943
P,2,4,899,3449.4
N,739,2,4,10
93883,2,2
93799,2,10
79563,2,2
14309,2,5
44735,2,6
57057,2,3
96995,2,1
48839,2,3
28384,2,2
68358,2,2
P,2,4,1256,4489.69
P,1,6,2139,1343.32
N,331,2,4,15
97764,2,6
83078,2,1
46662,2,6
83151,2,10
57031,2,3
19043,2,8
50855,2,4
11991,2,10
97875,2,9
5047,3,2
30181,2,7
72542,3,7
95730,2,8
32421,2,1
85543,2,10
P,2,4,43,1124.37
P,2,4,2367,2980.56
N,2305,2,4,8
24221,2,6
93764,2,6
16071,2,8
89163,2,5
12007,2,3
47843,2,2
16101,2,3
22885,2,3
P,2,4,1128,2533.7
N,2305,2,4,6
97763,2,2
79590,2,9
11999,2,4
9585,2,3
23526,2,9
97983,3,2
P,2,4,50,1705.3
N,1167,2,4,12
24227,2,7
93141,2,9
92599,2,6
48610,2,6
82519,2,10
51623,2,10
52934,2,1
568,2,5
81009,2,4
56031,2,3
5959,2,4
92535,2,4
P,2,4,2307,4686.5
P,2,4,2794,471.12
N,2295,2,4,10
73407,2,10
25767,2,7
24038,2,8
32023,2,9
24165,2,10
73191,2,5
89795,2,1
30302,7,3
46918,2,6
20103,2,1
P,2,4,2016,1788.52
P,2,4,187,1233.16
P,2,4,2091,3173.41
N,1415,2,4,6
95973,2,9
64995,2,4
64999,2,9
87714,2,3
14943,2,4
5927,2,7
P,6,5,2811,2540.65
P,7,2,1251,2372.93
P,2,4,1267,2505.84
P,4,2,1459,2654.32
D,2,1
P,2,4,171,1008.81
P,2,4,2457,3328.4
P,2,4,2787,583.74
N,136,2,4,5
34789,2,3
64421,2,3
48439,2,9
16785,2,8
62166,2,5
S,2,4,13,35
P,2,4,1182,1976.19
P,3,10,75,3261.36
P,2,4,331,4098.75
P,4,5,1697,3134.83
I,2,4,32
N,2403,2,4,7
89595,2,8
48564,2,6
87635,2,7
4153,2,1
6087,2,7
16103,2,10
76103,2,4
N,1243,2,4,11
22055,2,4
56710,2,6
40673,2,7
56799,2,4
47815,2,9
48613,2,7
89669,2,9
97835,2,1
84007,2,9
87779,2,3
72547,2,1
P,2,4,1151,4727.32
N,171,2,4,9
80481,2,7
61031,2,4
64231,2,2
64983,2,10
92965,2,4
48853,2,4
14007,2,8
65153,2,10
29089,2,9
I,2,4,26
O,2,4,640
N,331,2,4,7
65155,2,4
65221,2,9
6127,2,9
65101,2,4
47847,2,2
62182,2,8
59110,2,4
N,2799,2,4,10
81607,2,10
32475,2,2
86759,2,9
49958,2,1
81637,2,10
16614,2,2
32231,2,10
48671,2,6
9927,2,3
10875,2,9
P,2,4,1149,4345.71
N,635,2,4,15
81639,2,2
64997,2,2
88575,2,8
25543,2,2
80474,2,5
21702,2,9
64991,2,7
77501,2,3
40613,2,2
88806,2,3
2087,2,1
32135,2,2
6210,2,2
87682,2,9
28323,2,1
P,2,4,1411,3679.14
N,158,2,4,11
57023,2,5
95375,2,3
65255,2,8
48807,2,7
24163,2,4
55719,2,4
48743,2,6
64999,2,1
44647,2,8
47703,2,6
54991,2,6
N,1267,2,4,5
54743,2,2
81607,2,10
54755,2,7
5924,2,6
1222,2,7
P,2,4,2357,3699.78
P,2,4,2458,3872.92
P,2,4,60,4437.7
D,2,7
P,2,4,267,2191.67
S,2,4,13,22
P,2,4,1011,1774.47
N,1661,2,4,8
73427,2,10
72615,2,5
65223,2,8
93644,2,7
64951,2,6
5860,2,7
5189,2,4
40657,2,6
D,2,7
P,2,4,1531,267.1
N,1011,2,4,10
22179,2,5
93157,2,7
14847,2,3
13925,2,2
30171,2,7
39479,2,4
26307,2,3
26826,2,10
6087,2,8
11223,2,3
N,2299,2,4,5
13378,2,8
32431,2,1
69147,2,3
40543,2,10
15941,2,7
P,2,4,768,2114.41
N,1945,2,4,9
86729,2,6
23699,2,6
96999,2,5
72100,2,3
36581,2,10
94903,2,5
64935,2,7
20135,2,4
40147,2,4
P,2,4,738,765.81
N,1763,2,4,10
79527,2,8
70313,2,8
32411,2,2
50918,2,9
24279,2,3
78491,2,5
22213,2,5
61118,2,5
95039,2,8
60511,2,8
P,2,4,2659,1579.94
P,1,1,1409,681.71
I,2,4,25
P,2,4,1239,3655.99
N,1026,2,4,13
24278,2,4
30263,2,3
54804,2,6
88807,2,5
64709,2,5
93591,2,3
40679,2,9
60647,2,6
81595,2,9
5191,2,10
89807,2,1
21572,2,7
36070,2,5
N,1614,2,4,5
73411,2,2
70883,2,1
83428,2,5
46548,2,4
16039,2,10
P,2,4,2299,1761.4
P,5,8,1236,3521.54
D,2,6
N,35,2,4,6
48831,2,8
39636,2,3
85735,2,1
52860,2,4
96231,2,10
37859,2,9
N,1139,2,4,9
42694,2,2
9022,2,9
20959,2,9
93479,2,1
31779,2,9
9956,2,4
55975,2,4
30374,2,1
40078,2,7
P,2,4,769,3239.0
I,2,4,50
P,2,4,963,1134.86
N,2178,2,4,12
61151,2,7
17862,2,7
44639,2,3
32359,2,5
65159,2,6
36407,2,8
9634,2,4
89831,2,3
44758,2,1
57063,2,8
4135,2,2
56925,2,4
D,2,7
N,1271,2,4,11
71831,2,10
41893,2,3
28333,2,1
44254,2,10
25309,2,1
31446,2,8
48247,2,4
40291,2,4
63715,2,1
23735,2,9
2111,2,5
P,5,1,1699,2431.81
N,1153,2,4,5
38565,2,1
98009,2,4
83651,2,1
95614,2,2
15067,2,4
P,2,4,1147,1101.54
P,2,4,2303,1200.2
D,2,8
P,1,1,1267,2408.53
P,7,7,1217,2243.19
N,1129,2,4,6
8965,2,9
40663,2,6
48871,2,9
76434,2,5
87645,2,10
22962,2,8
N,331,2,4,12
79491,2,2
64423,2,1
2887,2,7
5812,2,1
64742,2,8
73317,2,8
15182,2,9
69319,2,8
40551,2,4
57877,2,7
94949,2,8
65053,2,7
N,1087,2,4,10
19527,2,1
47069,2,3
52955,2,10
70879,2,6
22209,2,8
72423,2,3
95839,2,6
53670,2,7
91714,2,6
48018,2,10
N,1146,2,4,13
5962,2,6
48421,2,10
48605,2,7
96846,2,7
32486,2,1
32467,2,2
5260,2,5
32485,2,9
80414,2,5
11267,2,4
48723,2,10
22159,2,4
64641,2,1
N,2305,2,4,6
60123,2,1
81127,2,5
56033,2,1
56871,2,1
85727,2,4
23962,2,5
O,2,4,771
P,1,10,835,4512.16
N,1667,2,4,14
15571,2,6
16047,2,9
31715,2,1
97987,2,4
98023,2,3
22871,2,7
93211,6,4
90703,2,3
87748,2,4
36567,2,1
13527,2,8
71351,2,3
53590,2,1
65087,2,4
N,1227,2,4,15
20199,2,4
52959,2,6
76894,2,1
6199,2,1
23781,2,6
48025,2,8
53092,6,6
54375,2,3
67109,2,9
64543,2,6
96711,2,6
85415,2,3
40167,2,5
55805,2,9
10310,2,9
P,2,4,1794,3641.74
P,4,8,307,1068.51
I,2,4,42
N,2739,2,4,6
24259,2,2
79903,2,7
89743,2,9
40487,2,3
81575,2,1
96838,2,8
P,2,4,1243,2383.57
P,2,4,767,2717.78
N,1066,2,4,8
48406,2,3
51555,2,6
27990,2,5
20199,2,6
9878,2,2
59781,2,5
40551,2,3
52443,2,4
N,1274,2,4,10
31461,2,1
64223,2,3
81379,2,3
44499,2,8
87762,2,6
37791,2,2
95967,2,5
23198,2,5
31719,2,7
92583,2,3
P,7,10,317,4666.95
P,4,1,2241,3076.04
P,2,4,2297,475.52
N,2227,2,4,12
47099,2,7
80615,2,1
96857,2,9
72279,2,7
38367,2,6
48551,2,5
72799,2,10
44951,2,1
40287,2,9
39588,2,2
18127,2,8
27667,2,5
D,2,10
N,386,2,4,14
13671,2,7
40679,2,5
93669,2,8
47463,2,3
6071,4,2
56277,2,1
15813,2,8
72075,2,4
57007,2,9
39015,2,9
14047,2,1
76711,2,10
38557,2,3
53317,2,7
N,2595,2,4,9
25829,2,3
56801,2,1
77287,2,3
88542,2,9
32325,2,8
90487,2,4
1599,2,7
64231,2,8
18116,2,1
N,2178,2,4,13
33221,2,8
48821,2,3
30908,2,6
72935,2,1
89830,2,3
98006,2,1
15335,2,10
21474,2,7
6151,2,5
97954,2,9
64631,2,8
46759,2,2
56657,2,6
N,69,2,4,8
87767,2,9
55935,2,8
19937,2,7
65239,2,10
36574,2,6
40659,2,5
65103,2,9
64228,2,7
P,2,4,73,4768.55
P,2,4,195,1514.93
N,27,2,4,10
87717,2,3
40339,2,1
14695,2,2
92855,2,6
1319,2,1
80613,2,9
82663,2,10
23428,2,6
5891,2,10
44149,2,5
P,2,4,691,4465.79
P,2,4,2819,4032.49
P,2,4,766,2036.25
N,2067,2,4,15
18021,2,2
85219,2,4
72900,2,2
40027,2,9
48863,2,10
35015,2,10
4987,2,8
8099,2,9
81182,2,8
10311,2,7
88163,2,4
54964,2,5
99927,2,2
76006,2,4
5863,2,6
N,2367,2,4,5
30951,2,9
95642,2,4
85603,2,1
40294,2,3
15331,2,1
N,331,2,4,15
7517,2,3
21158,2,9
87970,2,5
24159,2,7
42726,2,9
8342,2,6
98015,2,3
12355,2,10
6046,2,8
81638,2,1
48343,2,8
40599,2,10
67743,2,5
20189,2,3
89827,2,2
N,1127,2,4,12
25830,2,4
56551,2,5
74850,2,9
32228,2,8
48821,2,8
32156,2,1
50751,2,10
48838,2,10
15009,2,2
97383,2,9
4631,2,5
83675,2,1
P,8,1,738,4514.63
P,2,4,1923,2268.69
N,1791,2,4,9
24167,2,7
89703,2,6
73447,2,2
54472,2,8
69351,2,6
6212,2,8
26233,2,7
72263,2,6
81601,2,2
N,74,2,4,15
77411,2,3
89487,2,5
17949,2,1
15013,2,8
80486,2,3
40540,2,7
15015,2,1
87235,2,8
32352,2,2
35557,2,5
54943,2,3
41156,2,1
27939,2,6
30157,2,7
3583,2,8
N,2243,2,4,9
94897,2,5
18087,2,8
73415,2,7
55495,2,10
5167,2,9
24087,2,9
32465,2,10
54882,2,10
38051,2,5
N,1785,2,4,11
30439,2,3
70631,2,8
36262,2,8
32299,2,2
48515,2,6
95590,2,4
44262,2,8
86678,2,2
89303,2,3
16079,2,2
70611,2,7
N,2307,2,4,11
24001,2,3
23639,2,8
77279,2,5
5190,2,5
95895,2,1
54751,2,9
40423,2,6
23271,2,4
65247,2,4
63063,2,7
11330,2,6
N,2712,2,4,13
73319,2,2
95847,2,7
48103,2,9
46279,2,5
1799,2,9
26679,2,3
72279,2,9
89758,2,1
73411,2,4
5819,2,6
68023,2,4
63969,2,3
36550,2,7
P,2,4,2427,2368.76
N,315,2,4,9
96871,2,7
23975,2,8
96933,2,9
88261,2,10
14423,2,8
15071,2,5
46814,2,5
69347,2,9
97959,2,9
S,2,4,11,43
O,2,4,1233
N,1137,2,4,9
5639,2,1
8623,2,7
50311,2,8
54631,2,1
32341,2,9
84556,2,8
9686,2,2
94407,2,4
28295,2,2
P,2,4,2179,2228.48
N,1961,2,4,12
87778,2,5
5155,2,2
14743,2,2
30179,2,6
23,2,7
71652,2,3
6205,2,8
89279,2,10
56770,2,5
55908,2,8
73063,2,1
48871,2,3
P,2,4,2273,2518.18
P,2,4,905,3037.21
N,2243,2,4,11
39111,2,4
72375,2,6
52131,2,3
11847,2,6
95687,2,7
23183,2,4
32219,2,10
64097,2,8
62118,2,8
16047,2,1
52431,2,1
