P,2,5,2755,1499.52
I,2,5,25
N,1251,2,5,8
80091,2,9
72417,2,6
79507,2,7
60817,2,4
24199,2,1
56039,2,4
95399,2,4
52199,2,3
N,1026,2,5,11
97250,2,9
48803,2,4
41958,2,5
62119,2,2
15683,2,1
40566,2,9
5637,2,1
31879,2,4
65255,2,4
73375,2,4
45695,2,2
N,2875,2,5,9
22103,2,8
89824,2,5
56485,2,9
5671,2,9
82647,2,6
71348,2,4
30135,2,10
19887,2,2
73407,2,9
P,8,10,1283,631.76
P,2,5,2049,3355.7
P,3,10,609,1100.65
N,2011,2,5,8
36574,2,2
5703,2,3
88743,2,7
22663,2,1
40018,2,8
24293,2,2
64902,2,2
97971,2,1
D,2,6
N,739,2,5,9
97735,2,1
38461,2,6
73338,2,10
24039,2,2
88295,2,10
63071,2,10
48719,2,9
56538,2,7
85471,2,1
N,2207,2,5,9
14141,2,9
66483,2,10
15046,2,5
12895,2,7
9827,2,9
43751,2,4
96359,2,3
81447,2,9
89143,2,10
P,2,5,2243,4725.22
N,1539,2,5,7
31717,2,7
71,2,4
73442,2,3
31335,2,7
48358,2,6
57054,2,4
88319,2,3
N,2269,2,5,12
40615,2,6
4295,2,10
70500,2,9
48327,2,10
11996,2,4
87779,2,1
62930,2,8
89127,2,8
68793,2,9
64735,2,1
73444,2,10
80511,2,4
P,2,5,2995,3335.47
O,2,5,119
N,2139,2,5,15
87239,2,10
35620,2,5
73095,2,4
48807,2,9
44166,2,6
11869,2,10
72134,2,9
27605,2,6
40167,2,3
70209,2,4
56999,2,4
4003,2,10
5060,2,10
22997,2,7
64223,2,4
P,2,5,1006,2145.07
P,2,5,2049,140.9
N,259,2,5,5
47487,2,4
15557,2,10
96743,2,3
72871,2,7
32417,2,6
P,2,5,2978,1220.18
N,2899,2,5,7
67301,2,10
69317,2,1
72871,2,1
99934,2,6
81252,2,3
31959,2,1
81603,2,3
P,7,1,1091,2703.98
P,2,5,2815,4834.27
S,2,5,13,31
P,2,5,1762,3808.82
P,2,5,2305,2060.76
P,2,5,2179,2522.55
I,2,5,44
N,226,2,5,11
52967,2,5
15583,2,5
62628,2,3
80607,2,4
64899,2,1
72671,2,5
77287,2,2
81615,2,9
73411,2,2
5175,2,9
73191,2,9
I,2,5,20
N,754,2,5,9
14566,2,7
56997,2,1
97687,2,8
40509,2,8
89231,2,2
80034,2,2
93925,2,6
69343,2,9
31151,2,9
N,1219,2,5,9
38501,2,1
64631,2,10
39367,2,3
48544,2,9
76903,2,8
73047,2,6
73375,2,2
16992,2,7
61018,2,10
P,2,5,1088,797.11
N,171,2,5,5
34375,2,4
98017,2,1
93661,2,1
54981,2,3
5951,2,8
P,2,5,1790,4518.28
N,183,2,5,5
4161,2,1
65245,2,8
66255,2,1
30323,2,3
1031,2,3
P,2,5,1138,1184.44
N,737,2,5,11
72422,2,1
73317,2,7
80543,2,6
31954,2,4
40623,2,6
12759,2,4
15884,2,9
93648,2,7
31646,2,8
89319,2,1
88658,2,1
P,7,10,387,2830.71
P,2,5,2158,4445.79
N,2047,2,5,11
46562,2,1
24209,2,1
6214,2,7
59870,2,3
4006,2,7
2631,2,5
14559,2,5
64231,2,1
10231,2,10
78685,2,9
97750,2,3
N,1243,2,5,15
23103,2,5
35670,2,4
6214,2,7
24295,2,1
41603,2,10
68007,2,10
98535,2,8
97639,2,8
89567,2,1
63555,2,7
6197,2,3
11967,2,2
59229,2,8
4935,2,6
55779,2,6
P,2,5,317,3154.94
P,2,5,265,3230.4
N,2171,2,5,6
53987,2,6
54359,2,1
40610,2,8
40631,2,5
93919,2,4
53967,2,7
P,8,3,2299,255.61
I,2,5,49
N,883,2,5,9
81615,2,5
96965,2,4
46037,2,8
88416,2,7
65254,2,8
40679,2,10
15590,2,4
79951,2,7
76902,2,6
P,1,4,1023,685.18
N,67,2,5,15
20887,2,1
40022,2,7
72923,2,2
77543,2,3
44759,2,6
40039,2,9
76821,2,3
43200,2,1
31068,2,3
84199,2,1
72997,2,7
30903,2,8
24279,2,4
87699,2,8
61095,2,7
N,1266,2,5,14
92887,2,6
64733,2,5
89826,2,3
24155,2,7
40549,2,8
61159,2,8
97981,2,1
40035,2,9
8198,2,4
61119,2,10
31463,2,8
89239,2,7
22823,2,4
96994,2,5
P,4,2,165,2054.64
N,1243,2,5,8
46791,2,4
78684,2,2
40423,2,7
4950,2,4
30356,2,9
85718,2,5
56423,2,1
27431,2,3
P,2,5,1209,2326.44
P,6,9,2289,56.49
N,1025,2,5,8
40679,2,3
88679,2,5
44519,2,4
15078,2,9
68198,2,1
48415,2,5
67789,2,8
61075,2,8
N,2280,2,5,6
83111,2,5
48742,2,10
16100,2,10
69862,2,7
47707,2,3
31302,2,2
N,867,2,5,5
40663,2,3
32390,2,2
48863,2,2
40102,2,3
68271,2,3
P,2,5,1023,3116.01
N,2049,2,5,10
11823,2,2
57015,2,7
46947,2,8
81337,2,5
61065,2,3
97701,2,2
23251,2,7
89815,2,2
77094,2,2
55015,2,4
O,2,5,690
N,2145,2,5,5
60955,2,8
13709,2,3
56903,2,4
20119,2,4
1031,2,3
N,2137,2,5,14
77861,2,5
79974,2,5
65220,2,7
24034,2,8
39385,2,2
27863,2,8
55002,2,1
36555,2,9
73397,2,2
68551,2,6
16085,2,8
73414,2,5
22978,2,9
72487,2,6
N,2532,2,5,12
15078,2,10
85686,2,7
92895,2,4
97891,2,6
43971,2,6
34405,2,10
54407,2,6
96859,2,4
98007,2,6
14877,2,9
48343,2,5
73431,2,6
P,8,1,515,4069.07
P,2,5,1138,2981.7
N,2146,2,5,15
6183,2,6
3143,2,4
76894,2,6
15975,2,7
32231,2,1
5,2,9
1957,2,1
21602,2,7
16068,2,9
30817,2,1
92815,2,3
9187,2,6
81630,2,8
40655,2,1
31455,2,3
P,2,5,2051,3986.91
N,234,2,5,12
28071,2,4
80208,2,7
73191,2,6
88591,2,4
96487,1,8
65253,2,10
97750,2,10
79527,2,2
56534,2,4
65049,2,7
54959,2,4
83558,2,9
D,2,10
P,2,5,1055,2831.89
N,295,2,5,6
42581,2,2
88779,2,10
87702,2,5
44231,2,1
94259,2,9
97987,2,5
I,2,5,26
N,1023,2,5,8
32111,2,2
56935,2,2
65251,2,4
40531,2,1
55127,2,7
56999,2,4
29895,2,4
73382,2,1
I,2,5,47
N,203,2,5,15
73152,2,6
27862,2,1
68263,2,7
38631,2,9
66790,2,1
2119,2,3
64487,2,10
60639,2,2
12293,2,1
62599,2,3
81619,2,6
48838,2,7
28055,2,7
32454,2,5
72421,2,6
O,2,5,1235
O,2,5,301
N,329,2,5,10
32099,2,2
43238,2,6
20119,2,4
29656,2,3
46287,2,3
30882,2,3
97181,2,8
28253,2,8
40548,2,7
40551,2,1
N,1715,2,5,14
13927,2,1
54811,2,6
31573,2,4
40662,2,8
54663,2,5
543,2,2
80614,2,10
47807,2,6
13927,2,10
10982,2,7
6103,2,1
52447,2,3
95975,2,10
87518,2,7
P,2,5,1283,4606.53
N,766,2,5,13
65229,2,6
72282,2,1
56997,2,10
81497,2,4
60966,2,10
73059,2,8
2117,2,7
93926,2,2
16051,2,2
19743,5,4
81377,2,7
69321,2,10
44647,2,2
N,1267,2,5,9
40597,2,10
56863,2,6
96487,2,3
97988,2,1
93845,2,6
85695,2,3
56479,2,5
79591,2,7
78427,2,2
N,106,2,5,9
89786,2,2
32423,2,3
88695,2,4
838,2,6
23007,2,2
57059,2,6
82915,2,2
64798,2,7
32391,2,2
N,2242,2,5,6
44771,2,6
24229,2,7
23399,2,7
6213,2,1
48743,2,1
12003,2,9
N,223,2,5,10
39005,2,10
48357,2,3
12964,2,8
3128,2,3
76958,2,10
55975,2,1
48679,2,1
13253,2,7
43239,2,1
21479,2,7
N,2275,2,5,7
27783,2,2
72833,2,8
21139,2,7
77159,2,2
56039,2,10
89606,2,6
32351,2,8
P,2,5,769,4939.38
N,1891,2,5,5
36042,2,4
1055,2,4
80868,2,4
72643,2,8
93407,2,9
D,2,1
N,1249,2,5,14
15049,2,3
15799,2,10
1587,2,10
71637,2,2
91246,2,8
73308,2,4
56991,2,4
46647,2,7
9826,2,9
85606,2,6
40549,2,2
97767,2,10
68759,2,9
97957,2,5
N,2175,2,5,14
30406,2,3
47742,2,5
36440,2,7
32479,2,9
54909,2,9
29895,2,1
71774,2,8
5191,2,4
96727,2,3
52339,2,7
1094,2,6
79455,3,3
21215,2,7
30950,2,4
P,2,5,215,908.89
D,2,9
N,1915,2,5,10
99975,2,1
79363,2,7
47565,2,5
23687,2,7
6199,2,6
89511,2,6
13471,2,10
51303,2,1
12089,2,3
48231,2,5
N,1197,2,5,8
40679,2,3
5887,2,3
28389,2,6
27363,2,4
79591,2,8
21735,2,9
48597,2,8
15447,2,9
P,2,5,2721,2861.15
P,2,5,181,2694.35
P,2,5,2288,2600.85
D,2,5
P,2,5,2561,3062.8
N,2291,2,5,7
81599,2,2
56927,2,3
29922,2,10
57063,2,4
27458,2,7
64703,2,2
13924,2,8
N,2159,2,5,14
44395,2,2
5175,2,5
30399,2,3
15718,2,3
4986,2,8
2084,2,5
54367,2,8
13031,2,3
74855,2,1
64833,2,1
62567,2,1
19647,2,2
93743,2,2
24279,2,8
S,2,5,14,38
N,961,2,5,9
46527,2,6
40631,2,1
30822,2,5
89821,2,3
40679,2,6
15308,2,9
15382,2,6
16001,2,9
34519,2,8
N,1227,2,5,12
65175,2,6
17379,2,8
14781,2,10
56735,2,8
63126,2,3
59045,2,2
11910,2,1
50781,2,7
26855,2,2
96979,2,4
15783,2,3
64593,2,9
N,331,2,5,13
3109,2,3
73085,2,10
13987,2,6
46495,2,4
36454,2,5
11933,2,1
22183,2,4
98023,2,5
87255,2,8
73075,2,9
93927,2,8
64871,2,6
24261,2,2
N,2298,2,5,14
98018,2,4
81639,2,5
15527,2,5
87195,2,7
28386,2,5
56031,2,3
48859,2,10
39295,2,9
31782,2,8
56483,2,4
73183,2,8
49895,2,5
3655,2,8
57058,2,10
P,2,5,369,2747.6
P,2,5,2170,3724.69
P,2,5,1147,254.6
N,328,2,5,10
32311,2,3
775,2,5
23771,2,10
30419,2,1
13979,2,1
24006,2,10
93927,2,8
87781,2,5
64961,2,10
1407,2,8
P,2,5,2296,4602.91
D,2,6
P,2,5,1763,2020.31
P,8,1,2177,2723.82
P,2,5,1795,4856.66
P,3,9,2297,2956.93
N,1283,2,5,8
73447,2,7
81539,2,1
73442,2,9
14567,2,9
56162,2,5
6213,2,4
68255,2,7
18134,2,1
N,214,2,5,5
30947,2,6
13543,2,3
81573,2,3
56279,2,9
6181,2,3
P,2,5,799,3747.62
P,2,5,1219,457.76
P,4,1,139,1427.04
N,2271,2,5,15
84135,2,3
79335,2,7
81247,2,9
40653,2,6
81375,2,1
6727,2,8
40147,2,4
32387,2,8
87455,2,6
68709,2,10
38628,2,3
29331,2,3
54757,2,4
65229,2,4
8231,2,7
N,380,2,5,7
52916,2,3
77470,2,7
23267,2,7
60512,2,2
81638,2,4
60390,2,5
54983,2,10
N,251,2,5,14
58918,2,3
85175,2,2
11991,2,5
64743,2,9
44583,2,4
46389,2,9
38287,2,10
15999,2,4
81381,2,5
96870,2,6
38527,2,8
63767,2,8
78309,2,9
32487,2,8
P,2,5,1787,1730.52
P,2,5,2291,1448.79
N,753,2,5,9
34214,2,5
98663,2,7
14945,2,7
97823,2,9
27351,2,2
37915,2,3
45761,2,3
8927,2,5
89663,2,1
P,2,5,1249,1389.84
N,2291,2,5,8
51901,2,6
73060,2,2
63174,2,9
56648,2,7
68707,2,7
3542,2,2
92890,2,4
95653,2,1
N,1975,2,5,6
57061,2,4
92855,2,10
69147,2,10
40677,2,8
89787,2,6
62178,2,7
N,331,2,5,15
80487,2,5
52326,2,9
95935,2,10
52743,2,7
6202,2,4
55525,2,2
28391,2,7
28305,2,9
84709,2,3
47199,2,3
15079,2,5
69023,2,9
97483,2,1
48103,1,8
57039,2,7
N,2051,2,5,5
14055,2,7
64715,2,3
47469,2,3
81109,2,9
40662,2,10
N,2275,2,5,11
89767,2,10
36583,2,5
65127,2,8
55463,2,4
6149,2,7
23206,2,1
98007,2,4
89286,2,2
81035,2,7
87655,2,9
52131,2,3
P,5,5,1212,2362.8
P,1,10,1090,743.27
S,2,5,17,39
P,2,5,2290,3913.92
P,2,5,2131,4486.27
N,2047,2,5,7
55765,2,5
71397,2,10
24263,2,8
10850,2,3
32471,2,3
71334,2,8
40033,2,5
P,2,5,1667,3324.39
N,65,2,5,7
6981,2,2
89574,2,7
72151,2,1
31942,2,1
63141,2,7
73179,2,5
17526,2,1
N,2783,2,5,8
60308,2,3
68199,2,7
56980,2,1
7095,2,10
95975,2,6
81539,2,8
24279,2,8
57059,2,5
P,2,5,634,289.61
N,768,2,5,13
92285,2,10
11486,2,3
97217,2,9
39143,2,3
15591,2,4
53733,2,4
36516,2,2
87751,2,9
64595,2,8
14051,2,10
79591,2,4
48639,2,9
81511,2,8
N,1171,2,5,15
23253,2,6
88741,2,7
47791,2,6
81623,2,7
77668,2,5
79575,2,3
97919,2,2
5943,2,7
6136,2,5
32295,2,4
56548,2,1
24290,2,9
92894,2,1
39334,2,1
32454,2,2
D,2,3
P,6,2,326,2896.27
S,2,5,10,34
P,2,5,643,2060.67
N,753,2,5,15
79062,2,3
96967,2,10
95975,2,1
52866,2,4
26343,2,3
3295,2,5
97943,2,1
5959,2,9
40575,2,5
46535,2,4
16059,5,2
40605,2,1
32455,2,1
87527,2,1
12007,2,2
N,1278,2,5,10
1983,2,9
20485,2,8
81621,2,10
25311,2,4
23271,2,1
15487,2,7
88969,2,5
48151,2,8
23007,2,5
81631,2,10
P,2,5,1795,568.26
N,1027,2,5,15
71541,2,1
14822,2,3
5423,2,3
51651,2,10
2111,2,1
10183,2,9
56773,2,8
6711,2,4
62694,2,4
88543,2,2
71382,2,2
44126,2,8
32471,2,10
52966,2,8
97807,2,8
P,2,5,1777,4780.53
N,2787,2,5,15
96220,2,8
37940,2,1
5399,2,4
96815,2,8
48675,2,8
6203,2,8
31059,2,7
70101,2,3
63585,2,2
65063,2,1
32311,2,10
30943,2,2
16091,2,10
68703,2,2
78535,2,7
D,2,7
D,2,10
N,2274,2,5,9
88295,2,9
38500,2,10
96487,2,6
85466,2,1
6205,2,7
36551,2,8
32455,2,7
93883,2,10
40531,2,7
N,2305,2,5,5
57030,2,8
2493,2,10
79250,2,2
75237,2,9
85575,2,9
P,2,5,1011,578.88
N,304,2,5,14
8151,2,6
56999,2,9
81495,2,8
89831,2,2
64871,2,1
69219,2,8
61110,2,3
85594,2,1
28327,2,1
15575,2,8
95686,2,3
73375,2,3
31715,2,5
95383,2,10
N,2210,2,5,6
56903,2,2
23235,2,6
88791,2,7
54951,2,9
3615,2,6
37607,2,9
P,2,5,2307,1852.56
N,2905,2,5,12
76500,2,1
13543,2,6
15455,2,1
6150,2,3
85683,2,6
99429,2,1
45285,2,3
47839,2,5
61823,2,5
81103,2,7
16101,2,2
18725,2,4
N,2051,2,5,12
42341,2,10
26210,2,6
62694,2,4
39899,2,4
19998,2,8
81095,2,3
63191,2,3
96725,2,7
89543,2,9
15582,2,10
24031,2,6
30426,2,2
P,2,5,1147,4302.57
P,2,5,2303,560.78
P,2,5,1023,2463.05
P,2,5,279,1142.41
N,2219,2,5,9
97477,2,1
52675,2,10
97509,2,5
56971,2,2
31171,2,7
1953,2,3
6199,2,2
57020,2,10
64405,2,4
N,2291,2,5,7
15622,2,9
63697,2,4
37047,2,3
20199,2,8
56019,2,10
73381,2,4
10727,2,1
P,2,5,203,4530.91
D,2,6
P,2,5,2300,1046.23
P,2,5,1771,567.02
N,1141,2,5,9
77491,2,8
13791,2,3
64709,2,1
85351,2,6
48869,2,9
15525,2,1
59017,2,1
47265,2,8
30407,2,8
N,267,2,5,8
81031,2,9
40597,2,7
69095,2,9
3119,2,1
22037,2,6
23267,2,10
14023,2,2
21719,2,3
N,767,2,5,13
3975,2,1
22215,2,3
89795,2,9
93855,2,9
6849,2,3
23015,2,7
83395,2,4
89439,2,5
89792,2,8
50390,2,8
19943,2,7
81639,2,1
45782,2,7
N,755,2,5,9
5947,2,6
47819,2,4
81733,2,8
14551,2,2
65189,2,5
11923,2,10
64717,2,2
29825,2,4
93857,2,1
P,4,2,1279,3383.17
D,2,2
N,138,2,5,11
19943,2,6
48343,2,2
7670,2,5
71246,2,4
72119,2,7
40039,2,1
19558,2,1
65255,2,5
30209,2,10
80837,2,9
38599,2,10
N,1207,2,5,5
1824,2,3
92774,2,9
40526,2,1
24286,2,10
81466,2,9
N,1795,2,5,15
55271,2,8
9702,2,6
81511,2,7
14211,2,9
73286,2,8
1775,2,6
32487,2,1
5799,2,2
23463,2,3
68887,2,9
16021,2,4
40311,2,10
53991,2,5
2821,2,1
52437,2,7
I,2,5,31
N,1282,2,5,6
22739,2,4
16087,2,8
40635,2,7
24223,2,8
24155,2,10
99782,2,9
N,1475,2,5,14
48614,2,9
81635,2,4
44327,2,7
54481,2,3
42711,2,9
15270,2,9
73428,2,5
66272,2,5
80615,2,9
13029,2,7
54983,2,9
61091,2,10
64197,2,10
8693,2,8
P,2,5,2243,110.99
P,2,5,1539,3456.74
P,2,5,2819,1644.33
I,2,5,35
P,2,5,768,3190.86
P,2,5,1259,1244.06
O,2,5,1723
O,2,5,637
N,2298,2,5,6
23186,2,8
93127,2,7
60999,2,1
73287,2,2
80999,2,10
24282,2,3
N,11,2,5,12
81109,4,5
89815,2,2
11431,2,4
81530,2,3
65211,2,10
85565,2,1
81383,2,5
4991,2,1
6211,2,3
44159,2,9
20111,2,10
56919,2,6
S,2,5,20,29
P,2,5,1235,4746.28
S,2,5,20,24
N,2305,2,5,7
22183,2,3
81532,2,2
6167,2,7
47766,2,10
64679,2,10
50087,2,5
72383,2,7
I,2,5,48
P,2,5,1235,1767.64
N,71,2,5,6
56967,2,6
52599,2,8
40661,2,1
34535,2,1
81126,2,9
81063,2,3
S,2,5,12,42
P,5,10,202,2408.62
I,2,5,28
P,2,5,2227,3085.59
N,72,2,5,15
54860,2,7
78567,2,3
63685,2,3
73317,2,3
97989,2,9
83668,2,5
4643,2,2
23783,2,9
30278,2,2
31963,2,2
22367,2,6
24031,2,10
40679,2,9
46815,2,10
40359,2,10
N,75,2,5,13
34512,2,9
89606,2,5
37607,2,2
89750,2,2
88548,2,5
56498,2,1
81187,2,2
13378,2,10
51935,2,2
77543,2,8
97395,2,7
10978,2,9
72421,2,2
N,1265,2,5,13
67147,2,9
80133,2,6
54841,2,7
11971,2,2
15837,2,7
73369,2,10
97860,2,10
5122,2,10
40679,2,7
56546,2,2
64871,2,6
71374,2,2
40542,2,9
P,2,5,1146,57.35
O,2,5,2968
O,2,5,2033
S,2,5,12,40
P,1,7,2289,1291.56
P,5,3,2186,1771.61
N,2307,2,5,14
45792,2,10
23490,2,9
79327,2,10
48870,2,4
66975,2,8
6182,2,6
57058,2,9
73311,2,6
40435,2,2
38366,2,8
35299,2,6
93863,2,9
77282,2,4
97989,2,6
N,883,2,5,12
51771,2,3
64830,2,5
32484,2,2
21022,2,6
89767,2,3
4165,2,5
76350,2,3
60135,2,2
64339,2,1
70326,2,6
38119,2,7
59757,2,4
