N,70,2,6,5
31836,2,10
97943,2,6
11931,2,1
5689,2,7
24294,2,6
P,2,6,1283,4727.64
N,264,2,6,11
58791,2,2
57019,2,2
5954,2,10
15527,2,4
15527,2,1
5634,2,7
32211,2,6
39031,2,4
5298,2,7
79590,2,8
46818,2,7
N,1262,2,6,10
64670,2,5
50743,2,1
1272,2,3
71943,2,7
28895,2,1
96891,2,1
1607,2,7
38423,2,6
56871,2,2
40419,2,8
P,4,8,1657,1274.54
P,2,6,2235,3908.36
N,98,2,6,15
32039,2,6
71367,2,8
1091,2,8
9702,2,3
23231,2,2
48741,2,2
56039,2,5
31846,2,9
85659,2,9
81383,2,10
62079,2,10
52839,2,7
78085,2,6
26141,2,10
27997,2,1
P,2,6,1278,804.54
S,2,6,11,48
P,2,6,547,4369.1
P,2,6,2275,1317.21
N,867,2,6,13
28359,2,10
71807,2,3
46804,2,5
95899,2,10
38628,2,9
6863,2,2
21855,2,6
71398,2,4
75487,2,6
71063,2,5
63718,3,1
2099,2,6
77030,2,4
P,2,6,1795,2104.83
N,1283,2,6,5
40039,2,3
39901,2,3
73415,2,10
92513,2,4
39518,2,6
N,2115,2,6,6
72423,2,4
42721,2,9
70021,2,4
48183,2,4
77283,2,2
40418,2,1
P,8,8,325,2238.32
P,2,6,179,1929.46
N,2817,2,6,11
15953,2,5
35089,2,3
57050,2,6
32483,2,1
4934,2,8
32207,2,9
81639,2,6
63378,2,2
79591,2,8
88802,2,2
54494,2,4
P,2,6,1743,1226.59
N,267,2,6,14
81315,2,3
31651,2,2
54954,2,6
99843,2,2
22191,2,10
69,2,7
81122,2,7
54965,2,6
32211,2,3
31451,2,2
65235,2,7
6081,2,5
56423,2,6
73159,2,1
N,223,2,6,12
73399,2,2
71239,2,3
48102,2,7
38371,2,7
69351,2,8
6215,2,6
76465,2,9
64671,2,4
16071,2,3
56534,2,4
47846,2,2
81627,2,1
P,2,6,2034,3243.0
N,330,2,6,15
60123,2,8
24287,2,2
89409,2,5
13015,2,4
23271,2,8
69351,2,5
71891,2,10
65255,2,2
54675,2,3
92609,2,10
73204,2,9
87271,2,5
1078,2,8
62951,2,4
4935,2,9
N,2265,2,6,6
32486,2,10
44694,2,2
22197,2,8
85703,2,10
19959,2,3
88678,2,3
N,2242,2,6,15
71095,2,6
6155,2,9
45991,2,9
96859,2,3
5923,2,6
51559,2,7
51237,2,8
97509,2,8
83639,2,1
88739,2,10
48823,2,1
93968,2,9
55647,2,2
30134,1,4
62919,2,1
P,2,6,2169,842.77
S,2,6,14,35
N,2051,2,6,9
88551,2,8
54439,2,5
38619,2,1
2819,2,6
48839,2,8
18007,2,9
63133,2,1
91607,2,2
98783,2,1
P,2,6,1539,3340.66
P,2,6,1857,1271.3
N,2267,2,6,7
85671,2,9
80950,2,4
69322,2,10
56806,2,3
40529,2,5
78993,2,9
71502,2,10
S,2,6,14,24
N,2267,2,6,9
73299,2,8
10949,2,2
55987,2,1
39522,2,9
15811,2,3
95975,2,9
87508,2,3
35756,2,1
24292,2,7
N,1283,2,6,15
70551,2,5
56511,2,9
31831,2,3
28898,2,9
89759,2,9
14803,2,4
56803,2,9
93919,2,8
32263,2,8
64699,2,8
11733,2,2
97423,2,9
13503,2,1
89823,2,2
24163,2,7
P,2,6,295,3188.98
D,2,5
P,2,6,771,1647.43
N,327,2,6,6
83211,2,4
89830,2,1
6164,2,1
6211,2,4
64353,2,5
11883,2,2
N,214,2,6,13
80581,2,1
60965,2,10
9620,2,3
59110,2,7
96867,2,10
73382,2,7
44743,2,9
73357,2,8
4150,2,2
40167,2,6
44247,2,5
87511,2,8
98023,2,2
N,831,2,6,13
80579,2,1
44743,2,8
32167,2,6
47719,2,3
88550,2,6
12507,2,7
37863,2,6
40646,2,6
40677,2,4
93790,2,10
88498,3,1
57031,2,10
5959,2,10
N,323,2,6,10
57050,2,4
96607,2,3
89829,2,5
80342,2,8
56511,2,8
98007,2,9
8935,2,7
15938,2,10
73406,2,7
51891,2,10
N,1987,2,6,11
81502,2,1
4029,2,5
5829,2,6
20071,2,1
5697,2,8
48091,2,4
67047,2,7
32453,2,9
64214,2,7
56485,2,10
4135,2,5
D,2,2
N,475,2,6,5
52711,2,8
10751,2,3
20677,2,2
94338,2,3
65158,2,8
N,1154,2,6,11
48341,2,5
39198,2,1
92771,2,7
81597,2,2
35415,2,1
38631,2,10
89703,2,7
15330,2,5
44774,2,3
15581,2,7
65213,2,10
N,769,2,6,11
16071,2,1
88761,2,4
10901,2,3
64767,2,2
33779,2,5
89827,2,2
81587,2,4
32354,2,9
27747,2,9
48729,2,3
3654,2,8
S,2,6,20,33
P,2,6,739,2879.62
N,882,2,6,11
32293,2,9
52807,2,5
54486,2,1
35556,2,6
84707,2,7
23271,2,4
31148,2,1
72919,2,6
93663,2,2
27607,2,4
6727,2,9
S,2,6,12,43
P,4,8,43,4497.45
N,1262,2,6,6
87221,2,3
24163,2,1
1565,2,9
89621,2,8
5883,2,6
14279,2,2
P,2,6,767,4642.57
S,2,6,13,46
P,2,6,2035,2541.91
N,2263,2,6,11
11718,2,8
57031,2,5
5189,2,3
19685,2,8
16103,2,10
24255,2,3
2119,8,9
16084,2,6
29923,2,3
89815,2,2
89575,2,1
N,1147,2,6,14
71899,2,9
64125,2,2
77413,2,1
68039,2,8
31919,2,8
39655,2,7
60958,2,2
50919,2,7
44774,2,9
39495,2,10
32459,2,10
48871,2,4
58983,2,9
73180,2,7
P,2,6,259,1364.91
P,2,6,2209,2307.89
P,2,6,867,77.71
P,2,6,2236,1054.81
P,2,6,2059,4474.38
P,7,4,2299,4516.24
O,2,6,139
D,2,5
P,2,6,1723,1462.4
N,325,2,6,15
81391,2,10
87350,2,5
40593,2,7
84133,2,3
14407,2,10
72293,2,6
44740,2,1
48866,2,7
24293,2,9
16063,2,1
94115,2,4
8919,2,5
48359,2,9
52899,2,2
89767,2,9
D,2,7
O,2,6,1086
N,323,2,6,8
81527,2,5
4119,2,8
16101,2,9
6141,2,1
21334,2,3
31379,2,10
85587,2,5
24035,2,8
S,2,6,20,24
P,2,6,2299,740.7
P,2,6,1151,3539.25
N,1155,2,6,11
79075,2,2
93575,2,4
89183,2,3
45031,2,9
72406,2,8
23783,2,2
1095,2,9
57060,2,4
47815,2,9
96838,2,7
30423,2,5
N,2210,2,6,5
14371,2,6
15951,2,5
87397,2,10
53959,2,3
20103,2,4
I,2,6,39
D,2,7
D,2,5
P,2,6,1187,1580.59
S,2,6,15,39
P,3,1,2039,4649.86
N,2303,2,6,11
6086,2,7
28244,2,10
46243,2,7
63718,2,3
23648,2,7
13607,2,10
40181,2,2
5799,2,5
46524,2,2
10978,2,5
76247,5,9
N,2123,2,6,14
60231,2,5
71680,2,2
40663,2,6
16349,2,9
966,2,6
72375,2,3
57063,2,5
29415,2,8
81501,2,7
67131,2,2
77283,2,10
80599,2,6
44223,2,10
92642,2,4
N,765,2,6,8
89267,2,4
65115,2,10
97878,2,1
31951,2,7
6087,2,7
87767,2,9
78996,2,3
6559,2,1
N,327,2,6,9
48597,2,5
72167,2,6
6079,2,2
12823,2,4
10261,2,8
79687,2,8
64997,2,4
24295,2,4
96871,2,2
P,2,6,2481,1809.77
P,2,6,2161,4795.88
N,2092,2,6,5
23743,2,7
39653,2,10
2947,2,10
52645,2,10
5175,2,4
N,195,2,6,15
16090,2,10
16013,2,6
56359,2,5
76254,2,4
2805,2,4
64190,2,2
89630,2,3
39507,2,3
42854,2,9
2007,2,8
14038,2,10
27951,2,3
98012,2,4
97815,2,10
81633,2,4
P,2,6,1017,4255.74
P,2,6,323,2445.64
P,2,6,735,4702.04
P,2,6,1794,1580.54
P,5,1,2819,2296.71
P,2,6,1118,3435.72
P,2,6,1920,2577.91
N,1281,2,6,6
32306,2,3
28391,2,4
14535,2,2
55750,2,6
21111,2,6
63166,2,10
N,1053,2,6,6
48871,2,8
88918,2,4
19679,2,6
32356,3,5
48865,2,9
52518,2,6
P,3,10,321,3062.91
N,1283,2,6,7
8119,2,8
84703,2,5
65249,2,7
80100,2,2
95649,2,3
16103,2,6
22235,2,8
O,2,6,1281
P,2,6,2291,4325.7
N,1267,2,6,14
53913,2,6
96932,2,9
54997,2,8
95463,2,2
36677,2,4
32485,2,6
38115,2,4
65127,2,6
15583,2,9
19619,2,4
44743,2,5
48279,2,5
93853,2,4
89318,2,1
P,2,6,2307,3809.34
N,1215,2,6,11
81340,2,5
21350,2,2
33287,2,10
7716,2,8
96900,2,3
1975,2,6
76505,2,7
43219,2,7
63535,2,8
24285,2,10
12355,2,7
P,2,6,2256,424.91
P,2,6,815,2378.59
P,2,6,315,591.15
P,2,6,607,4816.61
N,297,2,6,7
15558,2,2
81631,2,8
89571,2,6
64171,2,6
57035,2,2
60645,2,9
48871,2,4
I,2,6,30
N,1022,2,6,7
76979,2,5
31334,2,6
94947,2,2
24230,2,10
80615,2,10
44389,2,3
26852,2,8
P,5,1,67,203.66
N,1203,2,6,5
66274,2,6
71267,2,2
32359,2,6
94945,2,1
1604,2,8
P,2,6,295,2663.0
O,2,6,267
N,2177,2,6,7
81619,2,7
93799,2,3
24254,2,1
10297,2,10
72417,2,1
8869,2,10
84774,2,4
N,1214,2,6,9
24189,2,1
80103,2,7
31958,2,9
73447,2,10
72404,2,2
56951,2,3
98021,2,2
88535,2,7
84581,2,4
O,2,6,155
N,1118,2,6,7
65039,2,4
40578,2,7
48355,2,2
92894,2,4
56391,2,2
24135,2,6
80102,2,8
P,2,6,2817,2117.69
P,2,6,1271,1634.75
N,1738,2,6,12
1095,2,10
77415,2,3
22881,2,7
38607,2,7
48839,2,6
6193,2,4
1543,2,2
89825,2,5
29671,4,7
56541,2,5
23743,2,10
30990,2,2
P,2,6,2243,2263.66
N,1507,2,6,8
14383,2,5
55889,2,5
64471,2,4
68295,2,3
24294,2,9
84063,2,6
43284,2,7
90852,2,10
P,2,6,1998,4202.58
P,5,7,2291,509.13
P,2,6,2303,4130.91
N,1282,2,6,15
31841,2,9
11622,2,4
89447,2,9
21943,2,4
23127,2,9
30395,2,10
94951,2,10
13797,2,5
97501,2,1
96966,2,2
81635,2,3
48165,2,6
85691,2,3
73251,2,7
81063,2,1
P,8,9,235,3284.47
N,1281,2,6,12
57057,2,5
88551,2,7
89563,2,7
48870,2,9
70373,2,1
72523,2,7
24287,2,10
37966,2,7
36581,2,3
71139,2,5
38479,2,5
81567,2,10
N,1267,2,6,9
71863,2,6
99790,2,9
11951,2,9
31959,2,5
97509,2,4
32086,2,7
73433,2,4
40167,2,8
8158,2,6
O,2,6,2307
O,2,6,2177
N,1536,2,6,10
15813,2,3
95719,2,6
81093,2,2
61135,2,10
87719,2,7
43991,2,1
15486,2,8
41538,2,8
5561,2,10
13732,2,3
P,2,6,759,286.42
I,2,6,49
S,2,6,17,22
P,2,6,2817,1195.57
N,1794,2,6,8
39126,2,3
60263,2,3
40551,2,2
56943,2,7
23591,2,4
81637,2,5
63079,2,5
48869,2,1
P,2,6,267,4858.06
N,2041,2,6,7
48859,2,9
24259,2,3
97661,2,2
65249,2,2
56486,2,8
48835,2,7
48870,2,8
P,3,1,1137,4985.08
P,2,6,1538,4014.9
N,2302,2,6,6
22239,2,9
46823,2,3
50907,2,6
35419,2,2
48708,2,9
71376,2,2
P,2,6,1203,3845.62
P,2,6,1027,3162.29
N,229,2,6,7
24803,2,8
77542,2,8
97694,7,7
61378,2,7
15558,2,5
20070,2,1
30167,2,10
S,2,6,20,22
S,2,6,20,22
N,947,2,6,12
5138,2,10
48316,2,5
65251,2,2
11719,2,3
36567,2,10
89796,2,1
38055,2,6
50391,2,7
21622,2,4
85279,2,9
75239,2,1
87271,2,7
P,6,6,2211,4718.23
S,2,6,19,28
N,327,2,6,6
4667,2,10
56799,2,9
48575,2,1
15837,2,9
39642,2,4
29911,2,2
N,1770,2,6,5
32391,2,2
83639,2,5
89831,2,8
30175,2,3
64419,2,5
P,2,6,299,4890.34
P,2,6,1603,2424.28
P,2,6,2781,4298.26
N,643,2,6,10
3643,2,4
6023,2,1
31661,2,8
81122,2,8
39899,2,9
52967,2,3
47847,2,9
93286,2,9
11855,2,8
36354,1,6
N,2562,2,6,11
37071,2,10
4027,2,3
34429,2,6
3959,2,2
81575,2,4
56037,2,7
61159,2,7
56423,2,10
43492,2,2
15446,2,8
1509,2,4
S,2,6,17,47
N,883,2,6,6
40549,2,5
39507,2,9
40102,2,6
11973,2,8
11395,2,1
17124,2,5
I,2,6,30
P,2,6,1771,4069.85
D,2,7
I,2,6,39
P,2,6,322,1782.54
P,2,6,1007,225.66
N,2033,2,6,13
70333,2,8
64663,2,1
14695,2,4
85347,2,8
5287,2,8
59999,2,2
14902,1,6
79503,2,10
81567,2,2
62567,2,4
8188,2,8
70343,2,8
3911,2,3
P,2,6,2858,2558.82
O,2,6,1859
N,1723,2,6,5
26324,2,2
15773,2,1
32481,2,2
15783,2,5
73107,2,4
N,1079,2,6,7
19115,2,9
53961,2,4
36551,2,7
73119,2,10
81107,2,2
30934,7,5
67291,2,10
N,1915,2,6,6
31968,2,3
83102,2,5
97958,2,10
30343,2,6
47567,2,2
55011,2,8
N,1082,2,6,15
97931,2,8
16015,2,7
50854,2,2
76759,2,5
56980,2,1
81506,2,7
79591,2,4
14383,2,8
84710,2,9
40359,2,6
42470,2,7
85719,2,9
81189,2,5
85223,2,6
89318,2,10
N,315,2,6,13
40647,2,8
74983,2,2
95719,2,8
90854,2,9
46820,2,3
57958,2,1
97887,2,4
68807,2,1
64966,2,3
34022,2,10
15839,2,2
59044,2,6
46691,2,1
P,2,6,2265,3667.62
P,2,6,2299,2267.95
P,2,6,331,859.88
P,2,6,1777,3254.86
P,6,1,2305,3335.11
I,2,6,23
P,2,6,2689,4739.37
P,2,6,2044,182.02
N,75,2,6,5
24197,2,3
48327,2,7
58567,2,10
16022,2,1
89526,2,2
N,2259,2,6,11
92068,2,6
32302,2,8
56998,2,10
23715,2,10
6190,2,9
71333,2,10
2117,2,7
97503,2,6
97499,2,6
65078,2,10
80583,2,2
P,2,6,1279,3155.47
D,2,1
P,3,10,2261,4924.34
P,2,6,2301,3440.64
N,1281,2,6,11
11715,2,3
4149,2,6
24015,2,8
56102,2,10
60891,2,4
63175,2,6
80999,2,6
57053,2,6
5167,2,6
39398,2,6
4086,2,5
N,1728,2,6,8
70358,2,7
2117,2,1
59109,2,1
24103,2,4
28755,2,7
6116,2,1
65246,2,4
89567,2,4
D,2,1
P,8,2,1282,3284.94
N,2306,2,6,10
87647,2,6
54612,2,1
12003,2,4
14022,2,7
22211,2,5
16097,2,3
5877,2,8
5351,2,9
13795,2,7
22871,2,8
N,1265,2,6,8
16007,2,4
13509,2,6
15780,2,2
98013,2,5
10711,2,9
59857,2,10
77542,2,8
1974,2,10
P,2,6,50,2499.74
N,2811,2,6,14
67274,2,1
40165,2,3
56771,2,10
6167,2,8
89395,2,8
18113,2,10
54631,2,5
71378,2,4
16103,2,2
36327,2,1
91831,2,3
24293,2,3
63067,2,9
99935,2,2
N,2307,2,6,5
24231,2,1
73447,2,9
66711,2,10
39131,2,1
57063,2,1
N,179,2,6,14
72390,2,4
72221,2,10
32447,2,2
40163,2,3
20161,2,6
57062,2,2
40407,2,3
23983,2,10
80543,2,3
21959,2,3
47846,2,10
97679,2,4
5764,2,10
78303,2,6
P,4,3,591,1020.28
P,2,6,202,871.47
P,2,6,1263,2145.15
N,449,2,6,10
4116,2,4
29287,2,1
70309,2,5
80978,2,6
93927,2,9
73191,2,4
65254,2,3
87764,2,9
1090,2,1
81629,2,8
P,7,8,11,4980.3
D,2,10
D,2,2
O,2,6,2307
N,771,2,6,15
32359,2,4
11495,2,7
88801,2,9
31847,2,5
24153,2,10
65173,2,7
64455,2,7
5447,2,1
77286,2,9
23201,2,8
36133,2,9
87783,2,3
31719,2,7
64948,2,3
29863,2,2
N,1281,2,6,9
38374,2,10
84295,2,3
96863,2,3
89799,2,2
16079,2,1
70,2,7
53759,2,7
6005,2,10
72289,2,5
P,2,6,2129,2817.68
S,2,6,12,24
P,5,10,1755,2557.18
P,5,8,2819,1487.69
N,2539,2,6,9
39966,2,5
9319,2,4
6198,2,6
40611,2,10
2839,2,10
89312,2,10
4164,2,7
55911,2,3
21223,2,9
S,2,6,16,47
N,323,2,6,10
32343,2,3
86755,2,9
6121,2,5
6054,2,1
96731,2,5
38367,2,9
56023,2,2
63001,2,6
81631,2,10
89751,2,6
S,2,6,19,30
N,2299,2,6,11
88227,2,7
72783,2,2
50403,2,6
54884,2,10
6215,2,7
97927,2,4
95951,2,8
95934,2,5
54500,2,1
48453,2,5
37446,2,2
P,4,1,2259,2101.38
P,2,6,2299,1128.19
P,2,6,315,3844.42
N,2307,2,6,6
13527,2,8
15781,2,3
32311,2,1
53918,2,2
65243,2,10
63650,2,10
N,8,2,6,8
91365,2,1
66103,2,4
40551,2,5
55811,2,5
32143,2,3
73174,2,4
73431,2,3
20199,2,9
N,267,2,6,15
22054,2,10
6213,2,4
89189,2,8
6151,2,7
16095,2,1
15071,2,2
64999,2,8
40195,2,6
48823,2,2
22246,2,5
80526,2,4
27815,2,9
51911,2,3
92892,2,9
31454,2,8
I,2,6,34
N,71,2,6,5
46783,2,10
39143,2,5
89693,2,2
97759,2,8
71,2,8
N,2179,2,6,8
15330,2,6
50829,2,3
31190,2,7
58595,2,6
89700,2,5
40487,2,9
13525,2,10
73315,2,1
N,2818,2,6,6
97549,2,6
40666,2,2
13883,2,1
70759,2,5
95959,2,6
2111,2,9
P,2,6,839,1973.24
N,483,2,6,6
80545,2,7
4004,2,3
13500,2,2
20189,2,3
13415,2,8
81343,2,7
O,2,6,2559
P,2,6,1387,4335.32
N,2147,2,6,5
77015,2,2
18853,2,9
1054,2,5
11992,2,5
77539,2,2
N,1281,2,6,12
97615,2,8
23957,2,9
1379,2,9
6111,2,6
40550,2,1
56295,2,8
73055,2,4
73045,2,8
96983,2,7
11991,2,3
65095,2,4
12471,2,8
P,2,6,771,71.98
