S,1,4,17,21
D,1,3
P,1,4,2942,4446.56
N,331,1,4,5
16071,1,10
6067,1,6
31941,1,10
81638,1,1
70819,1,4
S,1,4,18,27
P,1,4,43,1334.97
N,609,1,4,14
11527,1,6
6179,1,10
81351,1,10
93668,1,2
64959,1,2
89831,1,6
14023,1,10
73441,1,5
44607,1,4
48615,1,9
39327,1,2
23862,1,4
81115,1,10
68799,1,1
N,1259,1,4,13
94535,1,5
79588,1,8
65238,1,4
72359,1,7
23138,1,1
28067,1,7
15719,1,6
7751,1,3
95398,1,10
28883,1,2
40397,1,8
32103,1,5
93843,1,1
N,2307,1,4,5
73445,1,1
25823,1,6
3895,1,6
21695,1,9
3775,1,1
N,1027,1,4,5
88729,1,5
11973,1,9
16023,1,7
24290,1,4
676,1,9
N,707,1,4,7
32263,1,1
36575,1,2
17527,1,6
35293,1,3
43238,1,4
24007,1,5
78559,1,1
P,1,4,2290,4076.76
P,3,3,1091,328.02
P,1,4,587,2386.48
N,2867,1,4,11
28285,1,4
85110,1,6
1571,1,2
13114,1,1
24285,1,2
56037,1,8
56253,1,1
81494,1,2
42709,1,5
34526,1,2
81575,1,4
P,1,4,2809,2207.67
P,1,4,59,1768.68
N,1219,1,4,9
24259,1,8
64221,1,5
15671,1,1
81510,1,4
65631,1,8
89319,1,4
79965,1,10
23639,1,4
39605,1,8
I,1,4,45
N,2787,1,4,13
67743,1,4
77284,1,10
63007,1,2
24135,1,8
64455,1,6
98007,1,2
28389,1,2
62822,1,4
23271,1,3
89559,1,1
35209,1,6
20190,1,7
15783,1,1
N,2794,1,4,9
26947,1,10
93863,1,5
77511,1,10
57029,1,1
89435,1,2
69093,1,6
44519,1,10
54831,1,10
71138,1,1
P,1,4,627,2229.35
P,1,4,198,104.9
P,1,4,200,606.44
N,73,1,4,9
24023,1,5
5436,1,2
32483,1,9
19522,1,8
21207,1,4
35029,1,7
60057,1,4
56377,1,5
1509,1,6
P,1,4,2787,3383.85
O,1,4,2015
D,1,4
N,761,1,4,10
57053,1,3
86951,1,2
40411,1,10
96953,1,5
69191,1,8
98023,1,1
52711,1,9
95460,1,9
77543,1,5
84631,1,1
P,1,4,2803,3237.7
P,1,4,746,3241.39
N,330,1,4,12
48687,1,3
11302,1,3
87138,1,3
65191,1,2
42547,1,5
93857,1,9
1575,1,5
30950,1,7
11413,1,5
61639,1,9
80759,1,9
65115,1,1
P,7,10,1266,1291.65
P,1,4,297,2049.42
D,1,6
I,1,4,36
N,326,1,4,12
11351,1,8
72163,1,5
80487,1,8
19664,1,7
98007,1,8
81614,1,5
23910,1,7
69059,1,7
6137,1,4
20181,1,7
94367,1,6
8854,1,3
P,1,4,299,3071.55
O,1,4,1283
N,1155,1,4,10
34023,1,2
98023,1,8
30391,1,2
96987,1,4
75039,1,3
77501,1,8
8102,1,5
67239,1,8
64725,1,6
31975,1,5
N,1009,1,4,11
97327,1,6
9959,1,2
87229,1,7
39398,1,5
84199,1,1
65248,1,1
65215,1,2
56919,1,5
88785,1,10
87269,1,4
44775,1,8
P,1,4,1267,1996.75
P,1,4,983,3215.25
I,1,4,30
P,1,4,1279,2970.2
N,295,1,4,13
98015,1,3
62183,1,4
12434,1,4
80484,1,1
62405,1,4
47075,1,3
15588,1,5
46693,1,5
40662,1,10
96821,1,3
23993,1,2
92359,1,7
85151,1,10
D,1,6
N,1971,1,4,15
53511,1,3
6150,1,2
69095,1,4
99047,1,7
11989,1,6
29382,1,10
96898,1,5
23813,1,5
83171,1,5
81237,1,6
47455,1,4
81313,1,3
98012,1,7
5958,1,5
21159,1,10
N,1265,1,4,12
95711,1,10
22215,1,4
72347,1,5
39655,1,2
22486,1,1
56023,1,7
24250,1,5
11335,1,6
13343,1,10
11861,1,8
20035,1,4
40630,1,8
P,1,4,2307,2215.18
S,1,4,11,44
S,1,4,20,37
S,1,4,10,50
N,715,1,4,5
81111,1,4
89559,1,5
12055,1,5
28391,1,9
4803,1,4
N,1891,1,4,7
36446,1,2
87778,1,9
63950,1,7
34534,1,7
47509,1,2
80414,1,6
42721,1,7
P,1,4,1539,292.75
N,1503,1,4,8
98022,1,7
88261,1,4
23975,1,3
18125,1,2
68063,1,3
44499,1,2
79030,1,3
40527,1,8
O,1,4,1283
P,8,3,1199,4653.01
N,2051,1,4,9
88801,1,5
95975,1,10
63942,1,9
15974,1,8
48739,1,10
20071,1,10
44503,1,2
80791,1,4
44519,1,10
N,2747,1,4,7
64231,1,8
23591,1,4
64985,1,5
27683,1,10
32423,1,2
28263,1,8
63471,1,4
N,2307,1,4,11
31943,1,4
36583,1,4
65248,1,4
65223,1,4
25819,1,6
40517,1,9
30371,1,6
2107,1,4
97599,1,5
38631,1,1
65095,1,3
N,1698,1,4,13
39652,1,9
73189,1,4
15751,1,1
53719,1,3
11211,1,6
16055,1,9
73159,1,3
62181,1,8
48815,1,1
15487,1,6
32451,1,9
89825,1,2
5829,1,4
N,1015,1,4,11
20031,1,8
79847,1,8
93831,1,4
89767,1,8
32455,1,10
63157,1,1
15393,1,4
47558,1,6
23709,1,9
4003,1,2
18151,1,7
N,1153,1,4,15
72413,1,3
23638,1,5
23261,1,8
47847,1,8
71708,1,8
32443,1,10
97463,1,8
96595,1,3
21667,1,4
69167,1,9
81614,1,9
97893,1,6
68054,1,8
68317,1,3
1807,1,9
P,1,4,2267,2917.4
N,1219,1,4,13
48839,1,1
4975,1,9
40533,1,6
24254,1,3
32151,1,8
56611,1,8
48847,1,2
10310,1,8
57027,1,3
48740,1,9
9959,1,7
67047,1,9
98020,1,10
P,1,4,2273,839.95
P,1,4,2945,1511.69
O,1,4,2818
N,1842,1,4,14
87207,1,4
92486,1,10
80605,1,3
28359,1,6
32218,1,4
23229,1,10
68631,1,4
64711,1,4
1826,1,9
61283,1,5
64407,3,9
35543,1,3
64998,1,8
54983,1,5
I,1,4,43
N,1763,1,4,12
65143,1,1
47795,1,3
89670,1,1
5115,1,1
99419,1,10
56933,1,7
32039,1,2
24155,1,6
81383,1,2
23939,1,5
87751,1,4
30422,1,5
N,203,1,4,11
71270,1,10
48343,1,6
81333,1,4
4155,1,4
44630,1,10
57031,1,6
70743,1,10
81063,1,8
64869,1,7
24273,1,7
64117,1,1
N,2643,1,4,8
64739,1,10
57055,1,10
23771,1,6
71391,1,8
89822,1,6
77537,1,8
93719,1,1
75476,1,9
P,8,6,2899,823.76
O,1,4,514
O,1,4,2307
N,1026,1,4,7
16087,1,1
81637,1,3
84668,1,9
36581,1,10
4023,1,7
85190,1,10
72294,1,4
N,1907,1,4,11
81507,4,2
48727,1,2
15399,1,9
72271,1,9
85649,1,5
89831,1,10
8435,1,10
4167,1,8
50874,1,1
54759,1,7
38407,1,4
P,1,4,235,2100.04
N,58,1,4,9
38625,1,1
40135,1,2
48839,1,2
22107,1,4
13914,1,2
5,1,8
71382,1,2
89270,1,2
5903,1,3
P,3,1,1018,3978.4
P,1,4,1211,4547.32
N,2051,1,4,14
24227,1,4
42690,1,6
64227,1,5
44710,1,9
31653,1,1
12002,1,9
57039,1,10
89831,1,7
74663,1,5
32438,1,8
69124,1,3
6182,1,7
32454,1,1
5159,1,8
P,1,4,2707,3156.6
P,1,4,327,2222.25
N,1267,1,4,12
61079,1,6
5191,1,3
31159,1,10
72418,1,9
67715,1,2
48607,1,5
73249,1,2
32223,1,6
87331,1,9
80775,1,2
5311,1,7
47271,1,5
P,1,4,2242,2058.45
P,1,4,1985,201.44
N,11,1,4,15
54233,1,5
3911,1,8
55876,1,8
96999,1,8
32343,1,2
23207,1,2
8005,1,5
15783,1,2
89763,1,9
95799,1,8
80278,1,10
56246,1,8
48615,1,5
93028,1,2
70727,1,3
N,322,1,4,7
79015,1,10
23973,1,10
69349,1,4
88663,1,6
97451,1,8
95974,1,9
14055,1,8
N,497,1,4,15
48743,1,10
2949,1,9
15991,1,5
40677,1,5
68823,1,9
82654,1,4
71138,3,10
12327,1,6
12119,1,1
36579,1,10
21591,1,8
10459,1,2
9901,1,1
4147,1,8
95847,1,8
N,331,1,4,12
69015,1,3
46823,1,8
5189,1,7
28095,1,9
40143,1,1
46286,1,1
32199,1,3
48441,1,4
56871,1,9
65231,1,6
38625,1,5
89815,1,5
I,1,4,26
N,2135,1,4,12
57039,1,6
83175,1,6
52451,1,8
93847,1,5
39079,1,5
65255,1,5
87647,1,5
60135,1,8
86103,1,9
56743,1,4
46555,1,4
95766,1,5
N,2079,1,4,15
88791,1,4
24293,1,9
71267,1,5
73314,1,5
64039,1,2
81628,1,6
32431,1,5
73373,1,6
32323,1,10
76634,1,2
74675,1,3
83643,1,9
80485,1,4
10974,1,6
40535,1,8
P,1,4,311,1811.88
P,1,4,185,135.15
P,1,4,2179,1.36
N,1251,1,4,7
75407,1,1
95959,1,2
89223,1,9
98022,1,3
12886,1,1
61079,1,2
38743,1,8
N,1086,1,4,11
15319,1,2
24290,1,7
26343,1,2
81053,1,9
31411,1,1
48551,1,4
81639,1,1
18151,1,10
6215,1,7
95687,1,6
15229,1,7
N,515,1,4,13
89575,1,2
65045,1,7
31975,1,3
63001,1,1
39127,1,9
14779,1,8
15974,1,10
31334,1,8
56851,8,9
32455,1,3
48359,1,1
57829,1,5
48765,1,7
N,2499,1,4,8
56796,1,6
3525,1,4
46713,1,6
5042,1,10
89319,1,6
23655,1,3
78668,1,4
55832,1,4
N,2151,1,4,12
14930,1,2
24115,1,4
65091,1,1
93397,1,9
69346,1,1
93863,1,9
88101,1,2
19940,1,4
35301,1,6
39327,1,8
60325,1,1
48850,1,4
S,1,4,13,23
N,329,1,4,12
4159,1,10
26343,1,10
5427,1,7
53927,1,10
30915,1,2
32485,1,6
15535,1,4
81497,1,9
22135,1,9
54470,1,4
32404,1,10
52359,1,9
N,2237,1,4,15
23255,1,5
32359,1,8
24291,1,9
89778,1,9
19455,1,6
6179,1,5
65245,1,3
40483,1,4
15837,1,7
76231,1,6
45911,1,5
86183,1,6
95939,1,6
52900,1,1
11879,1,8
P,1,4,321,3418.16
O,1,4,1145
N,1723,1,4,13
56957,1,5
88775,1,9
51711,1,6
64230,1,9
96711,1,6
14998,1,10
9766,1,7
19842,1,6
69314,1,6
36321,1,10
48870,1,4
6141,1,8
1735,1,1
S,1,4,16,44
P,2,7,2048,2735.59
N,2299,1,4,14
71796,1,9
1017,1,2
9015,1,1
97893,1,3
24287,1,7
32434,1,4
5479,1,1
24263,1,8
4035,1,2
71359,1,9
10951,1,1
72922,1,9
93853,1,7
61671,1,1
N,407,1,4,9
23267,1,3
57063,1,4
89701,1,2
3607,1,4
98023,1,2
18019,1,7
10606,1,9
97255,1,3
65215,4,5
N,331,1,4,13
76367,1,1
61150,1,8
32421,1,5
24027,1,3
19110,1,6
40549,1,5
4134,1,10
83575,1,4
75303,1,9
35237,1,1
80927,1,7
48695,1,9
89570,1,7
D,1,10
N,2819,1,4,10
95935,1,3
80613,1,6
57047,1,5
959,1,2
48695,1,7
24295,1,7
5602,1,9
1977,1,6
6199,1,4
85733,1,6
P,1,4,2817,2568.95
P,7,1,2141,2373.14
P,1,4,63,4391.68
N,1215,1,4,13
79399,1,9
15492,1,5
48855,1,10
19071,1,2
40511,1,7
40166,1,9
40678,1,5
88790,1,2
33510,1,9
89407,1,9
20065,1,5
79573,1,5
52662,1,7
N,643,1,4,15
55621,1,10
11707,5,2
16040,1,4
34278,1,9
44775,1,4
91463,1,7
89831,1,5
54983,1,1
93734,1,8
72699,1,4
97543,1,10
73063,1,4
26275,1,9
55015,1,6
65087,1,7
N,2022,1,4,12
28387,1,8
46807,1,10
59879,1,2
38607,1,10
89247,1,6
52966,1,3
6180,1,9
40656,1,3
60101,1,6
4103,1,3
73347,1,10
32966,1,8
N,3,1,4,14
15463,1,10
71607,1,5
30375,1,6
85655,1,4
31259,1,7
96982,1,10
98020,1,1
3783,1,10
32358,1,1
70247,1,8
47639,1,7
81637,1,4
47495,1,3
6983,1,3
P,1,4,1016,2987.57
P,1,4,2307,228.76
N,266,1,4,5
16101,1,1
29158,1,8
56803,1,1
97991,1,2
67909,1,1
P,1,4,2561,2422.62
P,1,4,857,3690.0
P,1,4,106,3296.57
P,1,4,1986,3610.12
N,2819,1,4,8
72899,1,10
13090,1,6
85675,1,8
36583,1,6
65161,1,5
96991,1,2
19038,1,8
5173,1,3
N,233,1,4,9
14033,1,4
28367,1,2
89141,1,2
38372,1,1
15967,1,4
15972,1,9
43715,1,4
23906,1,1
95495,1,2
P,8,10,2158,2638.92
N,2685,1,4,14
46307,1,10
32367,1,7
56320,1,9
15049,1,2
61159,1,2
15559,1,1
88915,1,6
48301,1,2
85063,1,2
48834,1,2
40167,1,8
88787,1,10
35406,1,9
46807,1,9
D,1,4
N,2259,1,4,7
71110,1,1
41045,1,8
81620,1,6
4159,1,7
22717,1,8
14375,1,1
16056,1,4
N,163,1,4,15
53975,1,7
5249,1,9
22177,1,2
22247,1,1
85221,1,10
72230,1,7
48230,1,9
60581,1,7
89831,1,10
5955,1,10
89638,1,9
96967,1,3
23139,1,2
72871,1,3
11799,1,2
N,823,1,4,12
78051,1,9
81636,1,3
52704,1,6
77343,1,1
73439,3,3
24295,1,8
73441,1,7
31974,1,5
22119,1,9
75358,1,2
24215,1,2
54947,1,3
N,2156,1,4,13
23719,1,4
87171,1,1
97165,1,6
72962,1,9
10759,1,8
4679,1,6
1719,1,2
39079,1,5
84965,1,9
5057,1,2
16597,1,6
93653,1,2
97717,1,7
O,1,4,299
N,56,1,4,9
73447,1,3
62183,1,1
48866,1,1
69094,1,10
64486,1,1
1415,1,2
5955,1,9
44762,1,1
38555,1,1
P,1,4,1275,929.69
N,1980,1,4,15
31463,1,2
79303,1,5
19557,1,8
54998,1,9
62047,1,8
72410,1,6
88806,1,7
72679,1,3
6055,1,1
26615,1,3
15871,1,1
48855,1,9
93767,1,3
15956,1,7
43743,1,2
N,1755,1,4,11
93927,1,1
40567,1,8
93599,1,10
95821,1,9
22183,1,10
2051,1,6
32487,1,8
65255,1,1
72326,1,5
94695,1,6
22247,1,5
N,2427,1,4,8
60901,1,7
68709,1,10
93891,1,8
6086,1,7
50775,1,9
71135,1,7
32021,1,9
39287,1,9
N,2301,1,4,10
23253,1,6
40414,1,1
71269,1,6
91527,1,5
77414,1,8
19302,1,7
22214,1,4
73317,1,10
15047,7,7
11743,1,5
P,2,3,478,3224.55
P,3,8,995,2511.67
N,687,1,4,12
40629,1,3
88807,1,4
98015,1,7
71006,1,5
97895,1,1
81633,1,5
1734,1,3
15591,1,9
50875,1,7
4007,1,1
35558,1,10
96989,1,7
P,1,4,1279,2628.63
P,1,4,2051,1802.05
P,1,4,2305,1432.29
O,1,4,2011
P,1,4,1243,593.94
N,203,1,4,13
68351,1,4
11442,1,9
3341,1,8
97997,1,6
73119,1,7
11402,1,1
72419,1,4
57049,1,9
23965,1,5
4931,1,6
97895,1,9
28637,1,2
79359,1,3
N,1283,1,4,11
29219,1,7
62944,1,7
38103,1,9
56935,1,2
19685,1,4
4003,1,8
80351,1,9
89831,1,8
93076,1,4
78567,1,5
5917,1,8
D,1,3
N,1283,1,4,7
50787,1,4
46807,1,2
73445,1,10
32415,1,6
31439,1,10
16036,1,7
7727,1,8
N,1027,1,4,11
56371,1,3
98007,1,5
84647,1,2
15845,1,10
81595,1,3
6168,1,3
73191,1,7
56709,1,1
5735,1,9
82662,1,8
97494,1,1
N,1283,1,4,11
6151,1,8
5550,1,3
40358,1,2
54819,1,5
25819,1,9
55911,1,1
28375,1,7
1863,1,9
1991,1,8
55525,1,10
71375,1,9
P,1,4,2718,3123.31
P,1,4,1027,3599.63
P,1,4,2305,1261.66
N,75,1,4,6
93719,1,5
73283,1,2
62663,1,7
81568,1,3
32171,1,9
64221,1,8
N,2283,1,4,15
28315,1,2
97911,1,2
50850,1,6
57047,1,9
16071,1,3
97895,1,9
48868,1,4
78438,1,1
85506,1,2
32311,1,2
81479,1,2
61112,1,4
89318,1,4
88770,1,1
93927,1,5
N,2291,1,4,10
17124,1,1
9198,1,1
63199,1,2
21979,1,1
57014,1,8
89239,1,5
54845,1,2
48855,1,9
5942,1,2
18919,1,1
N,1263,1,4,8
31355,1,5
15950,1,10
6187,1,4
1699,1,10
24252,1,8
16029,1,4
48595,1,10
39109,1,9
N,2867,1,4,6
11955,1,3
77025,1,3
56888,1,8
89286,1,1
14006,1,7
15589,1,8
P,1,4,1505,832.49
N,1147,1,4,10
48855,1,8
79271,1,7
46787,1,2
93799,1,9
97479,1,2
23329,1,5
32415,1,10
97759,1,1
89697,1,8
16102,1,6
P,1,4,1346,4410.21
P,1,4,2811,1917.95
N,1217,1,4,15
13542,1,5
65243,1,6
79077,1,7
6215,1,2
73443,1,1
710,1,3
44222,1,8
11943,1,4
95959,1,1
13702,1,10
57009,1,4
61956,1,5
40611,1,2
43231,1,10
36567,1,9
N,2819,1,4,15
87766,1,4
85143,1,9
96671,1,1
56743,1,6
20027,1,5
81095,1,2
72887,1,8
63207,1,7
36311,1,7
77415,1,2
71135,1,10
2021,1,3
89831,1,2
63207,1,7
41269,4,3
N,2259,1,4,8
53095,1,9
64609,1,5
40663,1,2
27357,1,8
5043,1,8
19326,1,1
15587,1,8
2119,1,6
N,1202,1,4,7
44455,1,9
32151,1,6
24047,1,7
31059,1,1
73447,1,6
40593,1,10
79527,1,1
P,1,4,2295,2178.46
N,2707,1,4,15
63391,1,4
81599,1,9
91078,1,6
57031,1,10
18114,1,1
61159,1,5
87377,3,10
12099,1,2
24222,1,8
52962,1,7
39545,1,9
31,1,7
36511,1,8
52389,1,8
1857,1,4
S,1,4,15,30
P,8,3,979,4750.55
S,1,4,14,21
I,1,4,50
P,1,4,2301,3356.41
N,138,1,4,8
20118,1,5
97139,1,6
13975,1,4
57059,1,3
2055,1,4
89767,1,9
19937,1,4
57063,1,9
N,1282,1,4,14
40675,1,2
65255,1,9
55971,1,3
38623,1,7
6085,1,3
97623,1,9
61159,1,6
35011,1,9
72741,1,1
9283,1,5
81383,4,9
56027,1,8
40551,1,5
63207,1,8
P,1,4,2739,1244.86
P,1,4,1219,4508.82
P,1,4,1278,1288.27
O,1,4,1785
O,1,4,2819
D,1,5
N,2306,1,4,6
16097,1,3
18787,1,6
73431,1,8
72929,1,5
35559,1,4
58203,1,8
P,1,4,2777,4025.49
N,331,1,4,12
28390,1,1
80457,1,6
61015,1,10
76995,1,2
69221,1,4
48838,1,1
12005,1,8
46431,1,6
27875,1,8
88677,1,9
63911,1,8
53966,1,2
N,1009,1,4,15
57831,1,6
64999,1,9
73439,1,6
72935,1,8
31907,1,6
36006,1,8
20190,1,2
48359,1,10
38116,1,8
6207,1,5
11119,1,9
89795,1,5
87143,1,1
34531,1,2
48359,1,1
P,1,4,2131,716.06
I,1,4,30
P,1,4,2133,21.01
P,1,4,331,1248.33
N,249,1,4,13
13531,1,8
95955,1,4
13798,1,3
23877,1,10
32378,1,4
88704,1,1
55749,1,2
67285,1,10
16284,1,6
13009,1,6
81639,1,9
32481,1,10
82815,1,7
P,1,4,331,3286.69
P,1,4,2303,2258.1
N,267,1,4,7
4023,1,8
32479,1,7
44253,1,5
78823,1,3
89783,1,10
99031,1,6
56899,1,5
P,1,4,1507,3617.4
P,1,4,1281,3223.77
N,1281,1,4,11
22725,1,5
11918,1,9
40294,1,3
31094,1,2
65030,1,7
64739,1,10
96327,1,9
38303,1,9
24291,1,6
85595,1,7
23783,1,1
N,1187,1,4,13
21159,1,2
93927,1,4
46815,1,6
97751,1,5
69338,5,10
91208,1,10
40668,1,5
15553,1,7
48663,1,2
45799,1,5
2086,1,3
4664,1,10
28326,1,4
N,1080,1,4,9
95335,1,7
36551,1,3
81575,1,4
51843,1,1
89781,1,9
5805,1,5
38631,1,6
64447,1,3
84671,1,8
P,1,4,1163,124.84
N,314,1,4,12
31991,1,3
38623,1,4
47583,1,10
98499,1,5
42341,1,5
28750,1,8
48862,1,10
97831,1,4
65247,1,9
30783,1,3
39639,1,3
73175,1,6
I,1,4,43
N,2303,1,4,14
81623,1,2
31463,1,9
63205,7,9
31449,1,6
44455,1,6
73311,1,9
48847,1,4
68071,1,5
36254,1,2
57063,1,10
21955,1,5
79525,1,10
48871,1,8
15839,1,4
N,2449,1,4,7
97989,1,7
11703,1,5
74819,1,8
81119,1,9
54731,1,5
48871,1,5
48103,1,8
P,1,4,2651,279.8
P,1,4,1762,4063.54
