N,1281,1,6,5
68295,1,1
95767,1,5
55999,1,6
78807,1,10
11491,1,9
N,1137,1,6,13
72279,1,5
47847,1,5
96965,1,6
94911,1,4
48295,1,10
80583,1,10
40671,1,1
65188,1,8
79463,1,3
40408,6,6
5186,1,6
89798,1,2
64731,1,9
P,1,6,331,1712.32
N,2171,1,6,13
79989,1,8
78567,1,9
97987,1,7
95719,1,7
61139,1,5
38481,1,8
47707,1,2
12231,1,10
38631,1,7
72677,1,10
40615,1,7
97991,1,3
48803,1,1
P,1,6,1922,3934.73
N,2749,1,6,10
32417,1,6
81415,1,8
22235,1,7
15490,1,1
56775,1,5
65095,1,4
1091,1,10
80083,1,6
16091,1,5
38855,1,9
P,3,3,327,3276.05
P,1,6,1132,84.21
N,7,1,6,11
85383,1,10
64167,1,9
68030,1,3
44518,1,3
68285,1,9
44281,1,6
30398,1,9
48867,1,1
64997,1,4
73102,1,7
24295,1,6
N,2066,1,6,15
46167,1,3
47831,1,2
70285,1,8
27827,1,6
38307,1,9
66199,1,1
13026,1,8
60479,1,10
16071,1,10
73431,1,5
40165,1,2
9655,1,10
32215,1,10
46110,1,8
64689,1,5
P,3,5,186,1569.63
I,1,6,25
P,1,6,1697,4169.23
N,315,1,6,11
12942,1,4
77446,1,9
14941,1,4
80596,1,2
48327,1,2
55899,1,2
40071,1,4
57027,1,1
97511,1,2
30775,1,10
40517,1,10
N,1277,1,6,7
3527,1,2
81633,1,6
61063,1,4
48817,1,9
40542,1,5
24295,1,3
96833,1,6
N,1763,1,6,9
97479,1,2
35047,1,1
55010,1,7
39399,1,9
47845,1,9
23751,1,9
5701,1,10
85537,1,3
11335,1,1
P,1,6,954,2306.98
I,1,6,26
N,251,1,6,6
52743,1,7
65059,1,4
6189,1,9
77151,1,10
11961,1,2
71386,1,6
N,1528,1,6,8
52455,1,9
38999,1,8
48798,1,6
88791,1,4
85431,1,1
83365,1,1
31073,1,1
79447,1,2
N,1206,1,6,9
24291,1,8
31455,1,7
89411,1,4
80611,1,6
70627,1,3
81535,1,4
14948,4,7
64580,1,10
22193,1,7
N,1489,1,6,12
73447,1,3
88294,1,1
25827,1,2
20161,1,3
57063,1,7
24203,1,2
48461,1,10
95877,1,6
85459,1,9
9831,1,5
38949,1,6
45287,1,7
D,1,2
P,1,6,2299,3199.05
P,1,6,2075,4584.95
P,1,6,2755,2077.71
N,2931,1,6,5
27303,1,3
71155,1,5
96897,1,8
84287,1,6
24287,1,4
N,1275,1,6,14
46490,1,6
54999,1,7
97367,1,3
58439,1,2
57055,1,5
6179,1,10
22223,1,5
52919,1,1
65027,1,3
89796,1,2
52951,1,5
87207,1,3
53983,1,10
54978,1,10
N,2795,1,6,6
32023,1,2
96983,1,4
53471,1,8
89213,1,1
71709,1,8
48839,1,1
P,6,8,2915,3051.0
P,1,6,2283,74.84
O,1,6,1283
N,171,1,6,10
52865,1,6
81210,1,3
22243,1,7
52965,1,5
95887,1,10
32479,1,4
40423,1,7
16043,1,9
52850,1,2
3001,1,4
S,1,6,13,28
N,2299,1,6,5
36951,1,3
96351,1,1
56982,1,2
74340,1,3
47557,1,5
P,1,6,2274,4509.94
N,2275,1,6,13
34757,1,1
48743,1,2
61155,1,4
6079,1,9
81637,1,10
83430,1,8
88629,1,10
46463,1,2
2095,1,9
76519,1,2
36059,6,9
77538,1,10
56788,1,7
I,1,6,43
N,203,1,6,5
91621,1,10
28358,1,2
62935,1,7
9575,1,7
87007,1,9
O,1,6,2146
S,1,6,13,32
N,331,1,6,5
11223,1,8
55008,1,10
78111,1,7
5127,1,10
48614,1,2
N,2306,1,6,9
96614,1,9
68164,1,5
15711,1,8
87712,1,9
28391,1,1
32339,1,10
20117,1,10
56239,1,3
20195,1,1
N,2307,1,6,15
73014,1,2
51932,1,8
97894,1,6
97510,1,10
48599,1,4
54887,1,6
97895,1,3
65127,1,10
28135,1,1
64903,1,7
63116,1,6
36945,1,8
32231,1,7
88481,1,6
89798,1,5
I,1,6,33
N,2755,1,6,15
46204,1,8
6213,1,2
73447,1,6
69253,1,4
31463,1,10
69073,1,2
38118,1,10
71123,1,2
52710,1,4
15525,1,8
22240,1,3
72806,1,6
88068,1,7
40549,1,1
48343,1,5
P,1,6,2782,3396.35
N,1219,1,6,6
73172,1,10
55461,1,7
88806,1,5
83687,1,8
47830,1,6
30267,1,4
P,1,6,1083,4879.6
N,1027,1,6,11
61094,1,5
81637,1,10
5605,1,7
43713,1,7
89695,1,10
44514,1,6
24231,1,9
48835,1,5
88279,1,6
89687,1,10
65249,1,9
P,4,1,2271,4057.44
N,2083,1,6,11
71399,1,6
92895,1,3
1447,1,6
24135,1,8
10181,1,1
95709,1,2
13917,1,1
64181,1,1
13988,1,6
6183,1,9
97222,1,2
P,1,6,2017,670.12
N,2291,1,6,9
6149,1,1
87460,1,5
32159,1,8
55015,1,1
81382,1,3
63061,1,2
56871,1,8
75741,1,7
89829,1,3
N,958,1,6,8
96996,1,4
89507,1,9
36326,1,1
68994,1,9
89815,1,5
72343,1,10
81159,1,2
79163,1,9
P,1,6,1281,701.85
N,2811,1,6,5
26246,1,10
73445,1,8
65242,1,4
24167,1,6
45091,1,10
N,51,1,6,10
22180,1,9
15521,1,8
80230,1,3
23462,1,8
24216,1,1
65219,1,4
14343,1,5
19861,1,10
97506,1,5
73237,1,5
N,1267,1,6,15
62694,1,1
31591,1,5
48707,1,3
31717,1,10
81383,1,3
44705,1,7
70341,1,10
40158,1,9
86243,1,1
89591,1,3
98007,1,2
20070,1,9
11349,1,3
48854,1,6
84622,1,3
N,2046,1,6,6
36527,1,8
30876,1,6
2092,1,5
81463,1,5
11445,1,2
22227,1,8
N,2243,1,6,14
80357,1,2
10245,1,2
56406,1,2
48323,1,8
24134,1,4
16020,1,2
31463,1,9
13515,1,6
53796,1,1
89787,1,2
85601,1,5
13478,1,6
51111,1,2
48278,1,2
N,2243,1,6,8
15031,1,6
81511,1,10
14821,1,4
48511,1,9
95591,1,8
47845,1,5
6197,1,4
79911,1,5
O,1,6,2307
N,771,1,6,11
48327,1,3
98007,1,3
19813,1,10
6151,1,1
14759,1,5
82531,1,5
12351,1,10
13415,1,8
93669,1,7
50623,1,4
52576,1,8
N,1528,1,6,8
6215,1,5
34535,1,3
3875,1,4
47847,1,1
23742,1,5
37918,1,4
40675,1,2
60615,1,8
P,1,6,743,143.39
P,4,9,1154,2964.49
N,295,1,6,14
71375,1,10
52887,1,4
92771,1,1
63012,1,5
89702,1,4
97507,1,4
84623,1,3
5111,1,6
4167,1,2
87715,1,1
65199,1,2
46630,6,9
23271,1,3
95939,1,2
P,6,3,2243,4393.75
P,1,6,267,157.78
P,1,6,2139,4227.73
P,1,6,75,3932.52
N,2817,1,6,6
38626,1,1
77255,1,8
24282,1,6
89463,1,10
73431,1,5
73407,1,3
P,1,6,1795,1465.94
P,1,6,1219,2211.69
P,1,6,1523,3592.23
N,752,1,6,14
15943,7,10
89659,1,1
16095,1,3
81455,1,7
97766,1,4
80965,1,4
16059,1,2
81484,1,6
53798,1,3
68771,3,9
47040,1,4
58975,1,9
79589,1,3
71349,3,2
P,1,6,2497,2188.6
P,1,6,2544,914.57
P,1,6,2271,4456.03
N,1263,1,6,14
23743,6,2
80607,1,5
14823,1,10
97955,1,3
46686,1,6
77446,1,10
92103,1,6
95846,1,1
40163,1,5
80103,1,5
14044,1,1
54875,1,7
95973,1,8
5958,1,8
O,1,6,255
N,1651,1,6,15
78053,1,7
98006,1,7
43227,1,2
97737,1,8
73061,1,2
73446,1,8
89700,1,1
23239,1,1
64725,1,9
62183,1,5
14822,1,7
6144,1,1
97699,1,10
89699,1,7
77543,1,4
P,1,6,616,4613.81
N,1243,1,6,13
89759,1,9
89764,1,3
80789,1,5
97665,1,6
40647,1,3
71365,1,6
63423,1,9
11623,1,2
56643,1,9
32455,1,7
9943,1,8
54951,1,2
55227,1,5
N,329,1,6,9
32422,1,7
54999,1,4
40647,1,1
13990,1,3
48870,1,5
6087,1,6
52803,1,3
95932,1,3
16100,1,1
P,7,6,2219,4159.77
P,1,6,1187,1837.08
P,1,6,735,4070.86
P,8,2,58,506.79
P,1,6,2163,3856.78
N,1275,1,6,9
19175,1,4
64966,1,1
89829,1,5
3205,1,7
83559,1,8
88983,1,1
54815,1,5
79427,1,1
48851,1,6
N,573,1,6,15
16023,1,1
54807,1,8
91621,1,5
56469,1,10
38631,1,4
72950,1,1
72749,1,8
16070,1,8
15042,1,7
47791,1,2
70686,1,4
48343,1,9
38499,1,3
98007,1,6
25543,1,2
P,1,6,1027,328.98
S,1,6,14,40
O,1,6,1215
P,1,6,235,319.32
P,3,1,2307,4189.5
P,1,6,2619,2279.93
O,1,6,2175
P,1,6,1787,2006.87
P,5,8,1278,3441.0
P,1,6,227,4281.35
P,1,6,2915,1613.24
P,1,6,330,4268.51
P,1,6,1985,477.24
P,1,6,1792,3366.16
N,310,1,6,8
31267,1,1
16098,1,2
64935,1,9
56993,1,6
13605,1,6
23267,1,1
13003,1,7
64483,1,8
O,1,6,1153
N,1283,1,6,12
72925,1,4
56547,1,8
64991,1,3
63206,1,4
60823,1,4
22175,1,7
36183,1,3
56165,1,2
89826,1,2
4123,1,8
28247,1,10
47655,1,8
P,1,6,1155,1320.92
O,1,6,321
O,1,6,762
P,1,6,331,1997.6
P,1,6,2811,1056.06
P,1,6,2306,3509.33
P,1,6,753,1918.55
N,628,1,6,10
65247,1,1
40422,1,8
47227,1,4
85223,1,1
23695,1,2
97991,1,6
32471,1,8
34391,1,6
89558,1,9
97639,1,6
O,1,6,2299
P,1,6,2035,3677.44
P,1,6,1011,3338.93
O,1,6,1139
N,1147,1,6,12
79075,1,6
24255,1,7
79269,1,9
16079,1,7
56506,1,5
89751,1,9
89831,1,8
81119,1,5
80487,1,2
77283,1,5
40679,1,7
81524,1,8
P,1,6,2545,4531.01
P,1,6,1283,4759.57
S,1,6,15,39
P,1,6,1151,666.73
P,1,6,293,2518.62
P,1,6,755,4781.09
N,2200,1,6,11
48103,1,10
45779,1,8
86500,1,4
6071,1,6
16037,1,3
69333,1,5
32151,1,10
81567,1,3
71886,1,4
13799,1,2
76295,1,6
I,1,6,44
N,243,1,6,11
23270,1,9
15975,1,5
80294,1,6
56455,1,3
89827,1,10
97827,1,4
45797,1,6
93798,1,9
86342,1,1
4548,1,8
64862,1,7
P,1,6,201,4778.87
N,321,1,6,14
2029,1,3
88762,1,7
5131,1,8
4164,1,1
97511,1,10
81127,1,2
11485,1,1
46227,1,8
90087,1,2
72421,1,8
40531,1,4
62823,1,10
5572,1,7
99238,1,10
N,299,1,6,11
73443,1,2
47797,1,7
77506,1,3
59109,1,5
45623,1,8
81364,1,9
70851,1,1
64541,1,6
38627,1,3
24291,1,6
80318,1,9
N,1197,1,6,12
96939,1,3
39382,1,7
73352,1,3
28391,1,4
56925,1,1
92348,1,6
89775,1,8
56981,1,6
24295,1,4
81637,1,4
91856,1,2
39878,1,4
N,1193,1,6,5
46159,1,3
48854,1,4
4903,1,5
13922,1,10
51942,1,2
N,267,1,6,10
3527,1,4
51420,1,6
1978,1,9
81047,1,8
46523,1,4
81058,1,6
44435,1,2
16103,1,2
93347,1,7
44775,1,9
N,2195,1,6,9
11959,1,2
31003,1,5
11974,1,4
931,1,7
67015,1,9
29350,1,10
27809,1,4
84949,1,8
95957,1,4
P,1,6,830,3133.72
N,2945,1,6,10
97687,1,1
48679,1,1
68817,1,10
77517,1,9
99037,1,1
61090,1,9
81303,1,1
54999,1,8
77426,1,10
78501,1,1
D,1,2
P,4,4,994,4077.26
N,2226,1,6,15
22726,1,8
69302,1,4
3043,1,1
92798,1,4
61286,1,4
57063,1,5
81099,1,10
48794,1,3
89807,1,3
2085,1,2
32327,1,8
73305,1,8
60687,1,10
93663,1,6
71129,1,9
I,1,6,22
N,890,1,6,7
88679,1,9
21729,1,10
20071,1,2
96438,1,5
13953,1,1
60454,1,6
15637,1,2
O,1,6,2808
N,1283,1,6,5
40615,1,9
46759,1,4
24294,1,9
36581,1,5
78309,1,4
P,1,6,1281,897.01
P,1,6,1660,1080.77
N,2275,1,6,8
97998,1,1
30850,1,7
29959,1,4
48871,1,8
78431,1,5
24287,1,1
72343,1,4
52247,1,3
N,1026,1,6,11
20116,1,4
72198,1,6
39487,1,3
51447,1,7
85687,1,4
22246,1,8
24290,1,1
32167,1,8
57029,1,3
72399,1,4
32103,1,5
N,195,1,6,8
56966,1,6
81639,1,8
63175,1,7
81637,1,4
70726,1,4
85406,1,8
89807,1,2
70871,1,9
P,4,7,1782,1336.71
S,1,6,12,30
N,203,1,6,13
17503,1,8
81125,1,7
95335,1,10
75495,1,8
28391,1,9
40349,1,9
6215,1,7
69151,1,2
72422,1,1
73189,1,6
39084,1,1
89750,1,10
81383,1,7
N,327,1,6,7
98023,1,5
32228,1,6
88510,1,5
58979,1,4
68324,1,7
49888,1,2
24287,1,6
N,1475,1,6,8
1797,1,9
89775,1,6
65255,1,10
3907,1,10
56675,1,6
40353,1,1
56551,1,1
5701,1,6
P,1,6,459,4404.58
N,1282,1,6,8
38599,1,2
98021,1,5
65075,1,2
90963,1,10
73154,1,6
57028,1,9
56038,1,6
32347,1,10
P,1,6,1238,2561.29
I,1,6,47
N,2595,1,6,14
40579,1,5
36583,1,3
47205,1,8
30421,1,10
23520,1,7
64599,1,9
48486,1,6
81377,1,4
85286,1,1
2619,1,9
79571,1,3
73447,1,10
85342,1,6
81543,1,7
N,1282,1,6,5
38004,1,9
27235,1,1
43349,1,6
19941,1,1
86758,1,7
N,2750,1,6,5
13283,1,4
88775,1,1
48227,1,10
46821,1,9
70887,1,9
P,2,10,2046,759.76
P,1,6,2303,2726.3
O,1,6,397
N,11,1,6,9
88533,1,9
68254,1,7
79809,1,2
89494,1,9
63971,1,9
31973,1,7
30038,1,9
73427,1,6
72935,1,6
N,988,1,6,10
40610,1,4
56147,1,5
68965,1,1
11431,1,8
30407,1,6
40279,1,4
73431,1,7
6191,1,9
11733,1,10
15577,1,10
N,2067,1,6,10
6213,1,2
73363,1,10
88805,1,1
16047,1,5
56021,1,4
64482,1,6
48846,1,10
48607,1,6
55394,1,5
72134,1,4
P,1,6,2177,952.17
P,1,6,39,4367.95
P,1,6,2305,121.21
P,1,6,1107,1431.77
N,2811,1,6,14
32188,1,3
48295,1,6
6214,1,4
89543,1,5
89223,1,1
95975,1,8
48294,1,1
31835,1,9
93379,1,6
67283,1,7
93779,1,10
40451,1,9
24290,1,1
69207,1,1
D,1,6
P,5,7,1278,2046.22
P,1,6,642,84.38
P,1,6,2232,1553.25
O,1,6,1375
P,1,6,707,1579.83
N,2307,1,6,5
1057,1,8
57047,1,1
52964,1,7
55783,1,7
23975,1,9
P,1,6,636,4584.6
D,1,8
P,1,6,2176,4148.18
N,278,1,6,6
67303,1,4
24275,1,2
40134,1,4
72551,1,1
97767,1,8
68582,1,1
P,1,6,199,4286.72
P,1,6,1243,3219.06
N,1791,1,6,6
61671,1,2
48871,1,9
44399,1,1
12099,1,10
75879,1,2
92347,1,1
P,1,6,2755,1670.73
N,315,1,6,14
65219,1,6
73319,1,9
40663,1,10
65237,1,10
31413,1,2
12373,1,4
2085,1,10
65187,1,6
11031,1,9
28327,1,10
22112,1,7
88535,1,3
48359,1,6
16034,1,6
P,1,6,793,1254.93
P,1,6,1223,3347.79
N,2819,1,6,11
93369,1,9
73127,1,10
69351,1,6
81123,1,6
84679,1,10
11847,1,10
89367,1,1
54503,1,8
82147,1,10
88801,1,7
6214,1,3
P,2,5,201,1807.68
N,754,1,6,7
23685,1,4
56663,1,6
16086,1,10
4133,1,3
24283,1,5
63975,1,6
23447,1,4
N,1473,1,6,5
9637,1,9
5825,1,8
30303,1,6
75151,1,5
73317,1,9
N,1251,1,6,5
21174,1,9
40012,1,2
5191,1,8
15814,1,6
48829,1,2
N,2275,1,6,10
48491,1,1
97374,1,1
15645,1,8
24241,1,2
44437,1,2
6206,1,4
11493,1,9
48786,1,10
39331,1,8
89687,1,10
P,1,6,704,1118.07
P,1,6,2819,2415.92
P,1,6,2171,1676.68
P,1,6,2851,4576.31
P,1,6,1283,4323.28
N,315,1,6,12
14046,1,8
77531,1,6
40679,1,6
89024,1,3
37093,1,9
58852,1,9
40678,1,4
75159,1,8
24278,1,2
33725,1,6
53159,1,8
93923,1,3
N,1269,1,6,12
4131,1,3
52437,1,5
77535,1,5
73311,1,6
57031,1,6
36405,1,1
15773,1,3
32483,1,1
65205,1,6
73291,1,9
16095,1,6
77260,1,2
P,1,6,899,565.35
N,2306,1,6,10
79255,1,7
80585,1,8
32071,1,8
88743,2,6
4869,1,5
24295,1,8
12966,1,7
40029,1,2
72103,1,4
15975,1,9
P,1,6,2947,1058.17
P,1,6,1939,4774.23
P,1,6,895,1770.78
N,203,1,6,14
31941,1,3
50757,1,1
11489,1,3
87741,1,9
71395,1,9
16083,1,7
73141,1,5
35751,1,1
85711,1,10
73317,1,8
56955,1,9
86246,1,4
38235,1,9
95847,1,4
P,1,6,762,3507.77
N,2282,1,6,5
22099,1,5
24998,1,9
85703,1,6
80387,1,7
87719,1,6
P,1,6,2811,925.92
N,1262,1,6,13
29927,1,3
72387,1,9
11750,1,3
59623,1,3
37607,1,3
75335,1,6
44191,1,3
98482,1,3
24255,1,3
40062,1,6
15047,1,3
48180,1,1
60895,1,1
P,1,6,2291,3860.16
N,331,1,6,9
92893,1,3
31679,1,10
89695,1,7
89574,1,9
95847,1,6
32231,1,8
22182,1,10
5673,1,3
15750,1,1
P,1,6,1667,611.86
N,63,1,6,5
56999,1,4
47783,1,3
27365,1,6
88439,1,10
44219,1,9
N,266,1,6,15
5875,1,2
15319,1,3
33827,1,2
14044,1,5
42727,1,8
5189,1,1
16035,1,2
18151,1,10
95703,1,9
55974,1,3
23005,1,7
56735,1,8
6005,1,9
71847,1,8
78551,1,4
P,1,6,320,2110.59
N,1218,1,6,9
44772,1,9
21673,1,1
48549,1,7
16098,1,8
59030,1,2
23271,1,8
69085,1,7
40613,1,10
34502,1,2
